ets Jul 29 2019 12:21:46

rst:0x1 (POWERON_RESET),boot:0x13 (SPI_FAST_FLASH_BOOT)
configsip: 0, SPIWP:0xee
clk_drv:0x00,q_drv:0x00,d_drv:0x00,cs0_drv:0x00,hd_drv:0x00,wp_drv:0x00
mode:DIO, clock div:1
load:0x3fff0030,len:4916
load:0x40078000,len:16436
load:0x40080400,len:4
ho 8 tail 4 room 4
load:0x40080404,len:3524
entry 0x400805b8
conteo,tiempo
1,86
2,237
3,309
4,360
5,1231
6,1626
7,1628
8,1868
9,2039
10,2339
11,2562
12,2698
13,2709
14,2843
15,3070
16,3390
17,3447
18,3598
19,3657
20,3730
21,3973
22,4558
23,5070
24,5118
25,5127
26,5237
27,5237
28,5274
29,5987
30,6092
31,6206
32,6335
33,6397
34,6426
35,6766
36,6866
37,7399
38,7519
39,7656
40,8191
41,8349
42,8602
43,8874
44,8874
45,8914
46,8925
47,8962
48,9011
49,9021
50,9396
51,9612
52,9714
53,9822
54,10636
55,11164
56,11191
57,11551
58,12077
59,12238
60,12314
61,12423
62,12523
63,12547
64,12675
65,12910
66,12912
67,12988
68,13353
69,13410
70,13452
71,13749
72,13764
73,14214
74,14486
75,14591
76,14655
77,14768
78,14780
79,14842
80,14842
81,14936
82,15019
83,15099
84,15471
85,15523
86,15894
87,16000
88,16028
89,16096
90,16166
91,16185
92,16185
93,16349
94,16529
95,16539
96,16603
97,16632
98,16673
99,16727
100,16947
101,16999
102,17330
103,17355
104,17466
105,17537
106,17661
107,18113
108,18292
109,18350
110,18420
111,18687
112,18920
113,19023
114,19062
115,19072
116,19106
117,19810
118,19927
119,20066
120,20175
121,20255
122,20297
123,20313
124,20358
125,20656
126,20782
127,21032
128,21076
129,21666
130,21876
131,21888
132,21892
133,21939
134,21977
135,22637
136,22650
137,22908
138,23226
139,23250
140,23361
141,23777
142,23931
143,24344
144,24531
145,24599
146,24641
147,24829
148,25009
149,25418
150,25420
151,25621
152,25765
153,26182
154,26183
155,26406
156,26441
157,26571
158,26618
159,26802
160,26820
161,26839
162,26920
163,26930
164,26966
165,27078
166,27286
167,27608
168,28127
169,28180
170,28287
171,28683
172,28716
173,28994
174,29229
175,29250
176,29277
177,29277
178,29409
179,29623
180,29765
181,30082
182,30144
183,30319
184,30535
185,30670
186,31162
187,31312
188,31504
189,31554
190,31731
191,31756
192,31832
193,32062
194,32306
195,32990
196,33626
197,33626
198,33669
199,33896
200,34129
201,34253
202,34420
203,34517
204,34773
205,34850
206,34919
207,35085
208,35196
209,35262
210,35382
211,35430
212,35458
213,36072
214,36197
215,36222
216,36350
217,36514
218,36572
219,36966
220,37068
221,37199
222,37344
223,38013
224,38134
225,38296
226,38462
227,38463
228,38687
229,38878
230,38981
231,39048
232,39048
233,39217
234,39298
235,39318
236,39412
237,39467
238,40113
239,40144
240,40144
241,40542
242,40746
243,40747
244,40791
245,41050
246,41145
247,41582
248,41914
249,42492
250,42492
251,42859
252,43019
253,43103
254,43239
255,43304
256,43330
257,43440
258,43575
259,43639
260,43694
261,43790
262,43897
263,43932
264,43971
265,44420
266,44845
267,45310
268,45314
269,45371
270,45823
271,45897
272,46028
273,46066
274,46243
275,46588
276,46643
277,46871
278,46871
279,46878
280,46976
281,47127
282,47323
283,47564
284,47747
285,48023
286,48560
287,48967
288,49053
289,49299
290,49662
291,49848
292,49924
293,50091
294,50297
295,50611
296,50791
297,50952
298,50999
299,51317
300,51582
301,51693
302,51995
303,52148
304,52536
305,52944
306,53337
307,53580
308,53583
309,53664
310,53692
311,54018
312,54683
313,55138
314,55487
315,55853
316,56003
317,56776
318,57156
319,57171
320,57311
321,57312
322,57453
323,57482
324,57694
325,57709
326,57754
327,57754
328,57805
329,57806
330,58259
331,58508
332,58538
333,59341
334,59533
335,59533
336,59849
337,60233
338,60495
339,60940
340,61144
341,61171
342,61221
343,61404
344,61491
345,61844
346,62000
347,62154
348,62217
349,62506
350,62661
351,62951
352,63437
353,63673
354,63927
355,63987
356,64145
357,64205
358,64246
359,64723
360,65014
361,65029
362,65234
363,65367
364,65381
365,65406
366,65412
367,65665
368,65802
369,66076
370,66760
371,67139
372,67238
373,67658
374,67780
375,67892
376,68499
377,68761
378,69033
379,69132
380,69625
381,69711
382,69786
383,69787
384,69838
385,69881
386,70156
387,70204
388,70230
389,70285
390,70330
391,70384
392,70476
393,70562
394,70687
395,70852
396,70853
397,71163
398,71209
399,71251
400,71329
401,71842
402,71870
403,72127
404,72205
405,72210
406,72323
407,72761
408,73155
409,73256
410,73372
411,73394
412,73474
413,73663
414,73822
415,74004
416,74154
417,74205
418,74288
419,74288
420,74322
421,75036
422,75346
423,75521
424,75700
425,75723
426,75784
427,76498
428,76512
429,76609
430,76861
431,77296
432,77459
433,77743
434,77876
435,78133
436,78299
437,78449
438,78568
439,78797
440,79289
441,79290
442,79454
443,79756
444,80047
445,80048
446,80111
447,80179
448,80397
449,80652
450,80689
451,80691
452,80769
453,80924
454,81254
455,81260
456,81425
457,81886
458,81904
459,82181
460,82477
461,82512
462,82581
463,82735
464,82759
465,82851
466,83229
467,83490
468,83490
469,83966
470,84111
471,84189
472,84321
473,84466
474,84686
475,84687
476,84969
477,85122
478,85805
479,85830
480,85831
481,85842
482,85935
483,85974
484,86093
485,86134
486,86172
487,86846
488,87106
489,87136
490,88103
491,88325
492,88402
493,88559
494,89351
495,89439
496,89439
497,89532
498,89532
499,89778
500,90128
501,90214
502,90437
503,90437
504,90844
505,90844
506,91071
507,91082
508,91125
509,91289
510,91394
511,92078
512,92627
513,92718
514,92800
515,92800
516,93142
517,93209
518,93270
519,93299
520,93532
521,94058
522,94260
523,94314
524,94390
525,94413
526,94588
527,94646
528,94647
529,94921
530,94959
531,94959
532,95377
533,95377
534,95379
535,95398
536,95459
537,95613
538,95620
539,95806
540,96041
541,96381
542,97089
543,97205
544,97261
545,97525
546,97623
547,97801
548,97861
549,98093
550,98353
551,98496
552,98593
553,98643
554,98923
555,99133
556,99182
557,99292
558,99396
559,99540
560,99681
561,99728
562,99770
563,99866
564,100019
565,100291
566,100502
567,100831
568,101026
569,101026
570,101078
571,101160
572,101160
573,101177
574,101208
575,101222
576,101465
577,101500
578,101528
579,101528
580,101586
581,101986
582,102005
583,102245
584,102245
585,102246
586,102938
587,103153
588,103165
589,103844
590,103909
591,103920
592,103924
593,104016
594,104031
595,104646
596,104662
597,104775
598,104865
599,105017
600,105146
601,105204
602,105248
603,105401
604,105764
605,106473
606,106835
607,106873
608,107072
609,107112
610,107154
611,107196
612,107210
613,107324
614,107335
615,107635
616,107648
617,108042
618,108126
619,108261
620,108391
621,108736
622,108892
623,109033
624,109308
625,109572
626,109788
627,109788
628,109817
629,110019
630,110071
631,110157
632,110365
633,110624
634,110646
635,110667
636,110899
637,110906
638,110906
639,111142
640,111499
641,111633
642,111863
643,111951
644,111961
645,112237
646,112248
647,112251
648,112320
649,112386
650,112422
651,112816
652,112844
653,112907
654,113293
655,113293
656,113524
657,113879
658,114061
659,114297
660,115266
661,115324
662,115417
663,115512
664,115849
665,115907
666,115907
667,116646
668,116901
669,117424
670,117664
671,117666
672,117716
673,117783
674,118095
675,118151
676,118515
677,118777
678,119092
679,119167
680,119210
681,119275
682,119654
683,119915
684,120123
685,120477
686,120500
687,120562
688,120918
689,120991
690,121007
691,121078
692,121162
693,121635
694,121873
695,121936
696,121990
697,122019
698,122097
699,122271
700,122413
701,122752
702,122769
703,122783
704,123072
705,123152
706,123452
707,123870
708,124378
709,124548
710,124868
711,124919
712,124988
713,125283
714,125595
715,125647
716,125797
717,125813
718,125834
719,125834
720,125846
721,125921
722,126003
723,126099
724,126398
725,126801
726,127084
727,127421
728,127518
729,127778
730,127852
731,127926
732,127943
733,128413
734,128494
735,128539
736,128592
737,128852
738,129305
739,129478
740,129496
741,129695
742,129695
743,130153
744,130510
745,130665
746,130681
747,130703
748,130840
749,130888
750,131037
751,131038
752,131111
753,131479
754,131626
755,131684
756,131776
757,132104
758,132458
759,132463
760,132499
761,132676
762,132711
763,132943
764,133178
765,133178
766,133257
767,133263
768,133263
769,133512
770,133721
771,133758
772,133809
773,133961
774,134872
775,134898
776,135208
777,135279
778,135620
779,136042
780,136070
781,136266
782,136375
783,136741
784,136769
785,136905
786,136933
787,136982
788,137240
789,137441
790,138068
791,138360
792,138509
793,138518
794,138626
795,138652
796,138688
797,138755
798,138916
799,138919
800,139132
801,139133
802,139151
803,139198
804,139841
805,139876
806,139881
807,139883
808,140094
809,140123
810,140356
811,140647
812,140728
813,140755
814,140755
815,141681
816,141760
817,141838
818,142066
819,142269
820,142544
821,143002
822,143466
823,144076
824,144480
825,144533
826,144534
827,144880
828,145201
829,145219
830,145815
831,146396
832,146400
833,146578
834,146595
835,146700
836,146808
837,147066
838,147199
839,147449
840,147524
841,147575
842,147826
843,147830
844,148116
845,148191
846,148356
847,148392
848,148595
849,148703
850,148731
851,149029
852,149253
853,149293
854,149472
855,150002
856,150002
857,150031
858,150031
859,150277
860,150534
861,150740
862,150988
863,151137
864,151232
865,151441
866,151601
867,151804
868,152132
869,152327
870,152334
871,152346
872,152413
873,152436
874,152672
875,152756
876,152877
877,152924
878,152974
879,153360
880,153378
881,153740
882,153834
883,153927
884,153928
885,154248
886,154344
887,154489
888,154622
889,154828
890,154936
891,155664
892,155717
893,156196
894,156283
895,156302
896,156478
897,156930
898,157116
899,157185
900,157286
901,157557
902,157610
903,157711
904,157776
905,158192
906,158613
907,158734
908,158883
909,158884
910,158951
911,159604
912,159683
913,160171
914,160361
915,160403
916,160958
917,161117
918,161286
919,161510
920,161856
921,161926
922,162198
923,163607
924,163646
925,164190
926,164298
927,164397
928,164565
929,164696
930,164824
931,165292
932,165321
933,165341
934,165479
935,165495
936,165511
937,165560
938,165674
939,166173
940,166501
941,166521
942,166795
943,166905
944,167000
945,167000
946,167120
947,167586
948,167726
949,167812
950,167840
951,167891
952,167921
953,168274
954,168316
955,168477
956,169103
957,169185
958,169308
959,169317
960,169347
961,169362
962,169621
963,169679
964,169721
965,169833
966,169950
967,170336
968,170390
969,170398
970,170524
971,170582
972,170611
973,170713
974,171048
975,171134
976,171474
977,171555
978,171869
979,171872
980,171884
981,171901
982,172077
983,172091
984,172188
985,172678
986,173253
987,173464
988,173525
989,173566
990,173694
991,173698
992,173944
993,173959
994,174090
995,174102
996,174102
997,174356
998,174494
999,174610
1000,174642
1001,174678
1002,174696
1003,174730
1004,175037
1005,175092
1006,175270
1007,175281
1008,175362
1009,175418
1010,175872
1011,176118
1012,176218
1013,176441
1014,176769
1015,176827
1016,176859
1017,176994
1018,177077
1019,177233
1020,177521
1021,177800
1022,177846
1023,178099
1024,178164
1025,178279
1026,178425
1027,178604
1028,179149
1029,179181
1030,179265
1031,179265
1032,180123
1033,180226
1034,180343
1035,180470
1036,180582
1037,180636
1038,180821
1039,180896
1040,181222
1041,181437
1042,181449
1043,181520
1044,181947
1045,181990
1046,182018
1047,182545
1048,182984
1049,183134
1050,183160
1051,183978
1052,184102
1053,184196
1054,184320
1055,184518
1056,184662
1057,184866
1058,184970
1059,185147
1060,185168
1061,185256
1062,185569
1063,185605
1064,185815
1065,185897
1066,185897
1067,185898
1068,185986
1069,186297
1070,186325
1071,186599
1072,186710
1073,187598
1074,188185
1075,188307
1076,188307
1077,188594
1078,188658
1079,188775
1080,188874
1081,188951
1082,189471
1083,190004
1084,190106
1085,190555
1086,190690
1087,191045
1088,191045
1089,191259
1090,191362
1091,191578
1092,191679
1093,191679
1094,192001
1095,192407
1096,192834
1097,192863
1098,193000
1099,193075
1100,193083
1101,193267
1102,193362
1103,193457
1104,193590
1105,193600
1106,193829
1107,193904
1108,193967
1109,194145
1110,194989
1111,195310
1112,195312
1113,195336
1114,195348
1115,195441
1116,195455
1117,195459
1118,195482
1119,195633
1120,196232
1121,196291
1122,196302
1123,196390
1124,197037
1125,197089
1126,197260
1127,197274
1128,197442
1129,197447
1130,198273
1131,198724
1132,198908
1133,199015
1134,199352
1135,199728
1136,200276
1137,200277
1138,200487
1139,200500
1140,200569
1141,200591
1142,200608
1143,200617
1144,200715
1145,200960
1146,201090
1147,201150
1148,201284
1149,201346
1150,201378
1151,201537
1152,201548
1153,201639
1154,201891
1155,201964
1156,202220
1157,202295
1158,202372
1159,202901
1160,202901
1161,202972
1162,203448
1163,203476
1164,203529
1165,203568
1166,203574
1167,203740
1168,203751
1169,203779
1170,203804
1171,203858
1172,203870
1173,204232
1174,204250
1175,204913
1176,204936
1177,205566
1178,205640
1179,205640
1180,205734
1181,205799
1182,206014
1183,206103
1184,206410
1185,206537
1186,206580
1187,206593
1188,206820
1189,206918
1190,207014
1191,207049
1192,207348
1193,207630
1194,207631
1195,208382
1196,208495
1197,208753
1198,209164
1199,209226
1200,209315
1201,209567
1202,209897
1203,210023
1204,210051
1205,210251
1206,210273
1207,210344
1208,210439
1209,211284
1210,211627
1211,211828
1212,212101
1213,212121
1214,212411
1215,213025
1216,213370
1217,213538
1218,213635
1219,213902
1220,214062
1221,214525
1222,214822
1223,214873
1224,214891
1225,214907
1226,214922
1227,215233
1228,215355
1229,215612
1230,215814
1231,215814
1232,216240
1233,216420
1234,216433
1235,216723
1236,216767
1237,216857
1238,216874
1239,217037
1240,217169
1241,217390
1242,217563
1243,217580
1244,217733
1245,218034
1246,218199
1247,218272
1248,218436
1249,218953
1250,219033
1251,219341
1252,219378
1253,219444
1254,219649
1255,220373
1256,220667
1257,220726
1258,220878
1259,220945
1260,221244
1261,221337
1262,221426
1263,221750
1264,221789
1265,221864
1266,222393
1267,222569
1268,222649
1269,222899
1270,223086
1271,223226
1272,223299
1273,223343
1274,223515
1275,223623
1276,223881
1277,224079
1278,224566
1279,224829
1280,224979
1281,225058
1282,225295
1283,225545
1284,225662
1285,226033
1286,226139
1287,226170
1288,226424
1289,226512
1290,226527
1291,226768
1292,226814
1293,226814
1294,226909
1295,227420
1296,227635
1297,227684
1298,227887
1299,228152
1300,228564
1301,228615
1302,228876
1303,229000
1304,229109
1305,229109
1306,229398
1307,229404
1308,229445
1309,229446
1310,229583
1311,229687
1312,229737
1313,230243
1314,230271
1315,230474
1316,230578
1317,230578
1318,230850
1319,230943
1320,231041
1321,231378
1322,231480
1323,231812
1324,231813
1325,231914
1326,232733
1327,232822
1328,233015
1329,233319
1330,233787
1331,233844
1332,234007
1333,235171
1334,235335
1335,235600
1336,235767
1337,235808
1338,235854
1339,236326
1340,236615
1341,236628
1342,236734
1343,237361
1344,237394
1345,237661
1346,237675
1347,238146
1348,238217
1349,238390
1350,238519
1351,238684
1352,238770
1353,238931
1354,239084
1355,239179
1356,239447
1357,239528
1358,239535
1359,239634
1360,239708
1361,239748
1362,239824
1363,240119
1364,240160
1365,240177
1366,240233
1367,240553
1368,240693
1369,240759
1370,240852
1371,240979
1372,241170
1373,241175
1374,241269
1375,241399
1376,241894
1377,241952
1378,242233
1379,242334
1380,242359
1381,242406
1382,242458
1383,243590
1384,243760
1385,243761
1386,243793
1387,243837
1388,243863
1389,244007
1390,244174
1391,244687
1392,244808
1393,244814
1394,244950
1395,245076
1396,245203
1397,245348
1398,245358
1399,245628
1400,245628
1401,245715
1402,246133
1403,246359
1404,246364
1405,246418
1406,246466
1407,246580
1408,246909
1409,247177
1410,247314
1411,247489
1412,247506
1413,247560
1414,247592
1415,247907
1416,247915
1417,247995
1418,248188
1419,248391
1420,248687
1421,248856
1422,248899
1423,249106
1424,249119
1425,249406
1426,249433
1427,249574
1428,250281
1429,250342
1430,250342
1431,250547
1432,250608
1433,250729
1434,251015
1435,251855
1436,252075
1437,252161
1438,252536
1439,253226
1440,253303
1441,253687
1442,253839
1443,253920
1444,254392
1445,254820
1446,254995
1447,255133
1448,255423
1449,255456
1450,255703
1451,255740
1452,255936
1453,255966
1454,256313
1455,256404
1456,256529
1457,256720
1458,256747
1459,256783
1460,257581
1461,257683
1462,257850
1463,258132
1464,258219
1465,258319
1466,258570
1467,258574
1468,258889
1469,258890
1470,259023
1471,259128
1472,259515
1473,260038
1474,260343
1475,260555
1476,260590
1477,260721
1478,260998
1479,261047
1480,261225
1481,261230
1482,261275
1483,261281
1484,261612
1485,261612
1486,262233
1487,262249
1488,262344
1489,262790
1490,263007
1491,263137
1492,263187
1493,263274
1494,263436
1495,263876
1496,264006
1497,264007
1498,264487
1499,264496
1500,264597
1501,264706
1502,265142
1503,265228
1504,265265
1505,265434
1506,265838
1507,266062
1508,266339
1509,266737
1510,266931
1511,267028
1512,267308
1513,267457
1514,267497
1515,267767
1516,267870
1517,268220
1518,268542
1519,268810
1520,269404
1521,269415
1522,269416
1523,269551
1524,269554
1525,269589
1526,270076
1527,270092
1528,270288
1529,270353
1530,270354
1531,270536
1532,270761
1533,270852
1534,271326
1535,271503
1536,272582
1537,272593
1538,272815
1539,272833
1540,272977
1541,273012
1542,273015
1543,273243
1544,273503
1545,273591
1546,273620
1547,273696
1548,273757
1549,273875
1550,273913
1551,273922
1552,274211
1553,274262
1554,274277
1555,274347
1556,274387
1557,274459
1558,274848
1559,274934
1560,275173
1561,275257
1562,275289
1563,275294
1564,275294
1565,275303
1566,275417
1567,275420
1568,275457
1569,275752
1570,275870
1571,275870
1572,275883
1573,275981
1574,276104
1575,276137
1576,276212
1577,276388
1578,276478
1579,276834
1580,276959
1581,277120
1582,277371
1583,277517
1584,277598
1585,277704
1586,277827
1587,278141
1588,278397
1589,278535
1590,279162
1591,279288
1592,279372
1593,279584
1594,279666
1595,279908
1596,280053
1597,280340
1598,280404
1599,280433
1600,280638
1601,281151
1602,281261
1603,281526
1604,281878
1605,282059
1606,282112
1607,282163
1608,282163
1609,282247
1610,282262
1611,282275
1612,282485
1613,282557
1614,282652
1615,282655
1616,282844
1617,282959
1618,283151
1619,283372
1620,283430
1621,283637
1622,283886
1623,284007
1624,284047
1625,284177
1626,284267
1627,284514
1628,284514
1629,284807
1630,284993
1631,285186
1632,285230
1633,285436
1634,285545
1635,285670
1636,285809
1637,285964
1638,286001
1639,286487
1640,286601
1641,286868
1642,286883
1643,287043
1644,287143
1645,287177
1646,287186
1647,287701
1648,287934
1649,288322
1650,288604
1651,289215
1652,289219
1653,289262
1654,289277
1655,289301
1656,289517
1657,289658
1658,289749
1659,289925
1660,290191
1661,290346
1662,290727
1663,290748
1664,290841
1665,291100
1666,291819
1667,291944
1668,292302
1669,292302
1670,292439
1671,292611
1672,292676
1673,292845
1674,292961
1675,293215
1676,293312
1677,293448
1678,293521
1679,293530
1680,293682
1681,293694
1682,293843
1683,294225
1684,294231
1685,294374
1686,294540
1687,294712
1688,294713
1689,294996
1690,295084
1691,295197
1692,295342
1693,295572
1694,295741
1695,295813
1696,295938
1697,296088
1698,296131
1699,296177
1700,296338
1701,296427
1702,296574
1703,296581
1704,296750
1705,297247
1706,297366
1707,297367
1708,297454
1709,297529
1710,297532
1711,297600
1712,297862
1713,297900
1714,297998
1715,298365
1716,298365
1717,298539
1718,298604
1719,299294
1720,299298
1721,299563
1722,299564
1723,299606
1724,299855
1725,299887
1726,299937
1727,300161
1728,300523
1729,300542
1730,300781
1731,300812
1732,300813
1733,300897
1734,301020
1735,301272
1736,301562
1737,301800
1738,301918
1739,302279
1740,302375
1741,303099
1742,303165
1743,303648
1744,304107
1745,304133
1746,304278
1747,304297
1748,304402
1749,304435
1750,304808
1751,304898
1752,304929
1753,305169
1754,305478
1755,305864
1756,305943
1757,306071
1758,306495
1759,306544
1760,306661
1761,306701
1762,307109
1763,307112
1764,307473
1765,307802
1766,308080
1767,308170
1768,308255
1769,308463
1770,308469
1771,308537
1772,308693
1773,308724
1774,308860
1775,308996
1776,309033
1777,309051
1778,309155
1779,309270
1780,309377
1781,309582
1782,309705
1783,309824
1784,309988
1785,310165
1786,310238
1787,310254
1788,310359
1789,310555
1790,310627
1791,310717
1792,310747
1793,310887
1794,310932
1795,311162
1796,311432
1797,311895
1798,312046
1799,312181
1800,312583
1801,312698
1802,312705
1803,312920
1804,312922
1805,313084
1806,313138
1807,313380
1808,313586
1809,313694
1810,313695
1811,313721
1812,314004
1813,314074
1814,314081
1815,314114
1816,314552
1817,314725
1818,314725
1819,314790
1820,314855
1821,315334
1822,315337
1823,315439
1824,315638
1825,316008
1826,316138
1827,316264
1828,316278
1829,316443
1830,316625
1831,316695
1832,316789
1833,316799
1834,317062
1835,318286
1836,318286
1837,318340
1838,318753
1839,318831
1840,319128
1841,319141
1842,319209
1843,319313
1844,319396
1845,319439
1846,319450
1847,319507
1848,319533
1849,319811
1850,319919
1851,319946
1852,320110
1853,320167
1854,320167
1855,320254
1856,320255
1857,320508
1858,320548
1859,321034
1860,321052
1861,321405
1862,321659
1863,321805
1864,322145
1865,322449
1866,322479
1867,322683
1868,322830
1869,322909
1870,322929
1871,322952
1872,323021
1873,323435
1874,323547
1875,323596
1876,323628
1877,323755
1878,323816
1879,324084
1880,324135
1881,324172
1882,324459
1883,324535
1884,324992
1885,325079
1886,325124
1887,325204
1888,325251
1889,325436
1890,325887
1891,326001
1892,326167
1893,326167
1894,326857
1895,326904
1896,326996
1897,327121
1898,327455
1899,327474
1900,327474
1901,327643
1902,327674
1903,327821
1904,327869
1905,328073
1906,328098
1907,328098
1908,328337
1909,328527
1910,328600
1911,328717
1912,328719
1913,328869
1914,328966
1915,328966
1916,329100
1917,329195
1918,329195
1919,329224
1920,329265
1921,329435
1922,329487
1923,329680
1924,329716
1925,329719
1926,329739
1927,329930
1928,330179
1929,330739
1930,330779
1931,330924
1932,331160
1933,331258
1934,331349
1935,331568
1936,331774
1937,332270
1938,332303
1939,332681
1940,332992
1941,333053
1942,333067
1943,333164
1944,333411
1945,333440
1946,333578
1947,333956
1948,334045
1949,334136
1950,334250
1951,334251
1952,334272
1953,334314
1954,334981
1955,335184
1956,335295
1957,335524
1958,335842
1959,336174
1960,337003
1961,337126
1962,337240
1963,337478
1964,337489
1965,337703
1966,337703
1967,337823
1968,338479
1969,338479
1970,338943
1971,339087
1972,339369
1973,339382
1974,339623
1975,339742
1976,339749
1977,340068
1978,340243
1979,340409
1980,340525
1981,340870
1982,340896
1983,340971
1984,341195
1985,341341
1986,341372
1987,341676
1988,341980
1989,342673
1990,343148
1991,343295
1992,343784
1993,343857
1994,343871
1995,343942
1996,344267
1997,344521
1998,344596
1999,344598
2000,344653
2001,344713
2002,344713
2003,344715
2004,345291
2005,345655
2006,345758
2007,345938
2008,345956
2009,346337
2010,346341
2011,346585
2012,346627
2013,346743
2014,347002
2015,347340
2016,347507
2017,347537
2018,347745
2019,347756
2020,347845
2021,347908
2022,348006
2023,348941
2024,349088
2025,349193
2026,349232
2027,349582
2028,349582
2029,349834
2030,349902
2031,349902
2032,349927
2033,350338
2034,350445
2035,350478
2036,350478
2037,350617
2038,350644
2039,350729
2040,350988
2041,351035
2042,351125
2043,351498
2044,351787
2045,351821
2046,351969
2047,352083
2048,352146
2049,352231
2050,352283
2051,352436
2052,352988
2053,352994
2054,353293
2055,353794
2056,353801
2057,353832
2058,354144
2059,354224
2060,354473
2061,354581
2062,354896
2063,355109
2064,355155
2065,355236
2066,355978
2067,356081
2068,356098
2069,356342
2070,356517
2071,356572
2072,356751
2073,356850
2074,356970
2075,356985
2076,357559
2077,357619
2078,357640
2079,357660
2080,357734
2081,357761
2082,358140
2083,358164
2084,358235
2085,358385
2086,358626
2087,358900
2088,358909
2089,359205
2090,359429
2091,359471
2092,360011
2093,360290
2094,360351
2095,360534
2096,360672
2097,360672
2098,360843
2099,360987
2100,361064
2101,361744
2102,362013
2103,362374
2104,362485
2105,363021
2106,363208
2107,363423
2108,363485
2109,363562
2110,363676
2111,363949
2112,363961
2113,364044
2114,364072
2115,364085
2116,364405
2117,364441
2118,364602
2119,364785
2120,365389
2121,365389
2122,365405
2123,365409
2124,365410
2125,365692
2126,365734
2127,365843
2128,365936
2129,365980
2130,366134
2131,366281
2132,366292
2133,366422
2134,366590
2135,366590
2136,366617
2137,366657
2138,366974
2139,367358
2140,367484
2141,367547
2142,367948
2143,367967
2144,367970
2145,368090
2146,368227
2147,368243
2148,368839
2149,368881
2150,369050
2151,369078
2152,369202
2153,369537
2154,369552
2155,369839
2156,370079
2157,370404
2158,370450
2159,370748
2160,371062
2161,371158
2162,371401
2163,371449
2164,371531
2165,371532
2166,372162
2167,372339
2168,372626
2169,372627
2170,372685
2171,373412
2172,373425
2173,373588
2174,373935
2175,373935
2176,373936
2177,373977
2178,374017
2179,374170
2180,374209
2181,374232
2182,374374
2183,374696
2184,374720
2185,374801
2186,375315
2187,375752
2188,375753
2189,376064
2190,376064
2191,376442
2192,376726
2193,377118
2194,377389
2195,377502
2196,377663
2197,377821
2198,378018
2199,378113
2200,378165
2201,378198
2202,378332
2203,378420
2204,378682
2205,378755
2206,378859
2207,379216
2208,379253
2209,379811
2210,380010
2211,380102
2212,380214
2213,380222
2214,380525
2215,380712
2216,381006
2217,381016
2218,381090
2219,381486
2220,381519
2221,381797
2222,382125
2223,382138
2224,382414
2225,382604
2226,382662
2227,382942
2228,382987
2229,383051
2230,383180
2231,383511
2232,383991
2233,384046
2234,384300
2235,384300
2236,384525
2237,384554
2238,384555
2239,384698
2240,385358
2241,385683
2242,385683
2243,385748
2244,386101
2245,386263
2246,386279
2247,386400
2248,386464
2249,386837
2250,386931
2251,387136
2252,387210
2253,387315
2254,387392
2255,387438
2256,387514
2257,387885
2258,388006
2259,388012
2260,388147
2261,388355
2262,388472
2263,388861
2264,389328
2265,389839
2266,389912
2267,389976
2268,389983
2269,390022
2270,390374
2271,390398
2272,390398
2273,390400
2274,390535
2275,390755
2276,390989
2277,391106
2278,391259
2279,391297
2280,391630
2281,391733
2282,391830
2283,392150
2284,392247
2285,392267
2286,392711
2287,392762
2288,392852
2289,392923
2290,393225
2291,393225
2292,393415
2293,393415
2294,394326
2295,394375
2296,394433
2297,394875
2298,394877
2299,394964
2300,395296
2301,395379
2302,395540
2303,395558
2304,395611
2305,395785
2306,395981
2307,396113
2308,396207
2309,396456
2310,396648
2311,396648
2312,396739
2313,396781
2314,396883
2315,397076
2316,397402
2317,397415
2318,397554
2319,397687
2320,397718
2321,397726
2322,398093
2323,398177
2324,398264
2325,398265
2326,398355
2327,398419
2328,398455
2329,398472
2330,398494
2331,398495
2332,398550
2333,398995
2334,399135
2335,399166
2336,399193
2337,399309
2338,399810
2339,399921
2340,400013
2341,400161
2342,400481
2343,400994
2344,401016
2345,401243
2346,401516
2347,401629
2348,401767
2349,401783
2350,402024
2351,402238
2352,402364
2353,403069
2354,403379
2355,403435
2356,403569
2357,403777
2358,404038
2359,404354
2360,404522
2361,404535
2362,404760
2363,404841
2364,404887
2365,405145
2366,405458
2367,405641
2368,405684
2369,405794
2370,406015
2371,406123
2372,406411
2373,406412
2374,406483
2375,406794
2376,407045
2377,407086
2378,407368
2379,407508
2380,407697
2381,407893
2382,408030
2383,408031
2384,408390
2385,408421
2386,408524
2387,408641
2388,408769
2389,408812
2390,408901
2391,409078
2392,409535
2393,409679
2394,409914
2395,409916
2396,410079
2397,410412
2398,410502
2399,410991
2400,411103
2401,411112
2402,411740
2403,411741
2404,411998
2405,412002
2406,412053
2407,412056
2408,412161
2409,412333
2410,412346
2411,412354
2412,412482
2413,412672
2414,412840
2415,413013
2416,413039
2417,413345
2418,413346
2419,413363
2420,413455
2421,413515
2422,414303
2423,414390
2424,414905
2425,415056
2426,415352
2427,415421
2428,415638
2429,416205
2430,416367
2431,417198
2432,417312
2433,417319
2434,417455
2435,417498
2436,418112
2437,418123
2438,418318
2439,418408
2440,418562
2441,418596
2442,418745
2443,418746
2444,418976
2445,419121
2446,419543
2447,419599
2448,419833
2449,420057
2450,420335
2451,420610
2452,420617
2453,421144
2454,421258
2455,421686
2456,421836
2457,422103
2458,422186
2459,422295
2460,422540
2461,422666
2462,423113
2463,423248
2464,423283
2465,423421
2466,423472
2467,423546
2468,423644
2469,423644
2470,423768
2471,424115
2472,424304
2473,424320
2474,424547
2475,424627
2476,424895
2477,424919
2478,425974
2479,425974
2480,425982
2481,426032
2482,426062
2483,426093
2484,426142
2485,426367
2486,426733
2487,427169
2488,427203
2489,427420
2490,427719
2491,427893
2492,427928
2493,427963
2494,427964
2495,428001
2496,428264
2497,428417
2498,428702
2499,428734
2500,428739
2501,428746
2502,428780
2503,429407
2504,429407
2505,429500
2506,429711
2507,429844
2508,430059
2509,430063
2510,430067
2511,430118
2512,430170
2513,430262
2514,430443
2515,430547
2516,430793
2517,430811
2518,430819
2519,431138
2520,431416
2521,431745
2522,431771
2523,431904
2524,432237
2525,432237
2526,432601
2527,432678
2528,432743
2529,432828
2530,433173
2531,433707
2532,434300
2533,434541
2534,434610
2535,434674
2536,434731
2537,434952
2538,435027
2539,435049
2540,435419
2541,435440
2542,435558
2543,435579
2544,436142
2545,436394
2546,436400
2547,436871
2548,436897
2549,437098
2550,437245
2551,437413
2552,437455
2553,437491
2554,437639
2555,437681
2556,438185
2557,438556
2558,438711
2559,438779
2560,438894
2561,439151
2562,439152
2563,439285
2564,439642
2565,439705
2566,439770
2567,440156
2568,440826
2569,440922
2570,441024
2571,441037
2572,441068
2573,441225
2574,441468
2575,441501
2576,441524
2577,441869
2578,441883
2579,442150
2580,442216
2581,442336
2582,442339
2583,442575
2584,442910
2585,442921
2586,443115
2587,443209
2588,443674
2589,443725
2590,443779
2591,443892
2592,443930
2593,443983
2594,444154
2595,444555
2596,444582
2597,444791
2598,444836
2599,445005
2600,445411
2601,446308
2602,446368
2603,446628
2604,446786
2605,446835
2606,446950
2607,446958
2608,447201
2609,447444
2610,447500
2611,447627
2612,447649
2613,447663
2614,448163
2615,448362
2616,448377
2617,448403
2618,448516
2619,448545
2620,448625
2621,449771
2622,449849
2623,450103
2624,450259
2625,450419
2626,450436
2627,450894
2628,451014
2629,451359
2630,451432
2631,451894
2632,452241
2633,452357
2634,452394
2635,452394
2636,452569
2637,452581
2638,452593
2639,452623
2640,452644
2641,452879
2642,452950
2643,453071
2644,453071
2645,453276
2646,453357
2647,453625
2648,453765
2649,453836
2650,453927
2651,454172
2652,454173
2653,454232
2654,454604
2655,454773
2656,454773
2657,454899
2658,454907
2659,455680
2660,455685
2661,455845
2662,455850
2663,456183
2664,456215
2665,456736
2666,457004
2667,457033
2668,457100
2669,457165
2670,457166
2671,457367
2672,457616
2673,458384
2674,458829
2675,459070
2676,459352
2677,459843
2678,459945
2679,460036
2680,460636
2681,460665
2682,460672
2683,460847
2684,461134
2685,461281
2686,461773
2687,461820
2688,462013
2689,462244
2690,462418
2691,462444
2692,462644
2693,462709
2694,462731
2695,463185
2696,463326
2697,463577
2698,463651
2699,463774
2700,464245
2701,464309
2702,464368
2703,464375
2704,464623
2705,464687
2706,464687
2707,465058
2708,465420
2709,465440
2710,465500
2711,465527
2712,465674
2713,465733
2714,465854
2715,466370
2716,466453
2717,466482
2718,466598
2719,466618
2720,466618
2721,466724
2722,466758
2723,467296
2724,467592
2725,467738
2726,467770
2727,468647
2728,468761
2729,469268
2730,469346
2731,469346
2732,469398
2733,469703
2734,469703
2735,469806
2736,470016
2737,470149
2738,470255
2739,470666
2740,470848
2741,471349
2742,471591
2743,471592
2744,471597
2745,471597
2746,471958
2747,472185
2748,472319
2749,472319
2750,472439
2751,472485
2752,472501
2753,472515
2754,472515
2755,472887
2756,473249
2757,473971
2758,474390
2759,474391
2760,474403
2761,475509
2762,475532
2763,475578
2764,476100
2765,476251
2766,476313
2767,476503
2768,476772
2769,476832
2770,476892
2771,477232
2772,477326
2773,477397
2774,477580
2775,478002
2776,478060
2777,478632
2778,478644
2779,478681
2780,478714
2781,478794
2782,478794
2783,478956
2784,479211
2785,479938
2786,479938
2787,479975
2788,480088
2789,480265
2790,480496
2791,480700
2792,480737
2793,480740
2794,480755
2795,480808
2796,481050
2797,481461
2798,481520
2799,481669
2800,481698
2801,481854
2802,481987
2803,482028
2804,482103
2805,482502
2806,482589
2807,482678
2808,482886
2809,483316
2810,483388
2811,483442
2812,483479
2813,483946
2814,483947
2815,483956
2816,483967
2817,484072
2818,484133
2819,484193
2820,484247
2821,484814
2822,484895
2823,485033
2824,485235
2825,485525
2826,486275
2827,486281
2828,486435
2829,486512
2830,486675
2831,486746
2832,486871
2833,486917
2834,486936
2835,487138
2836,487271
2837,487271
2838,487278
2839,487728
2840,487865
2841,487969
2842,488179
2843,488383
2844,488574
2845,488815
2846,488897
2847,489018
2848,489124
2849,489185
2850,489274
2851,489465
2852,489563
2853,489676
2854,489704
2855,489730
2856,489784
2857,490080
2858,490112
2859,490259
2860,490609
2861,490610
2862,490775
2863,490807
2864,490977
2865,490977
2866,491155
2867,491411
2868,491789
2869,491816
2870,491884
2871,492321
2872,492357
2873,492416
2874,492581
2875,492642
2876,492918
2877,493294
2878,493353
2879,493497
2880,493498
2881,493499
2882,493684
2883,494017
2884,494160
2885,494172
2886,494380
2887,494422
2888,494703
2889,495265
2890,495904
2891,495930
2892,495954
2893,496305
2894,496454
2895,496756
2896,496756
2897,496826
2898,496891
2899,497003
2900,497080
2901,497187
2902,497262
2903,497317
2904,497344
2905,497348
2906,497685
2907,497774
2908,498113
2909,498323
2910,498839
2911,498905
2912,499209
2913,499408
2914,499483
2915,499641
2916,499809
2917,499900
2918,500275
2919,500576
2920,500624
2921,500796
2922,500813
2923,500820
2924,500955
2925,501653
2926,501737
2927,501805
2928,501903
2929,502038
2930,502060
2931,502489
2932,502523
2933,502565
2934,502677
2935,503021
2936,503027
2937,503079
2938,503080
2939,503131
2940,503132
2941,503390
2942,503838
2943,503931
2944,504380
2945,504439
2946,504612
2947,504819
2948,504820
2949,505072
2950,505148
2951,505330
2952,505408
2953,505415
2954,505673
2955,505807
2956,505882
2957,506104
2958,506143
2959,506176
2960,506373
2961,506399
2962,506413
2963,506419
2964,506419
2965,506653
2966,507063
2967,507238
2968,507312
2969,507402
2970,507539
2971,507631
2972,507698
2973,507886
2974,507944
2975,508086
2976,508459
2977,508481
2978,508574
2979,508599
2980,508633
2981,508663
2982,508866
2983,508969
2984,509113
2985,509113
2986,509145
2987,509257
2988,509287
2989,509430
2990,509570
2991,509979
2992,509980
2993,510187
2994,510216
2995,510297
2996,510475
2997,510475
2998,510507
2999,511093
3000,511196
3001,511362
3002,511929
3003,512004
3004,512115
3005,512625
3006,512800
3007,513037
3008,513296
3009,513399
3010,513490
3011,513505
3012,513558
3013,513592
3014,513868
3015,513929
3016,513929
3017,514049
3018,514298
3019,514305
3020,514514
3021,514576
3022,514636
3023,514798
3024,514884
3025,514909
3026,514942
3027,514945
3028,515018
3029,515208
3030,515362
3031,515453
3032,515453
3033,515541
3034,515542
3035,515653
3036,515908
3037,516056
3038,516508
3039,516797
3040,516854
3041,517561
3042,517823
3043,518011
3044,518338
3045,518830
3046,518914
3047,518943
3048,518991
3049,519049
3050,519163
3051,519299
3052,519472
3053,519726
3054,519765
3055,520150
3056,520201
3057,520583
3058,520967
3059,521024
3060,521332
3061,521493
3062,521516
3063,521557
3064,521677
3065,521766
3066,521859
3067,522156
3068,522651
3069,522852
3070,523053
3071,523867
3072,523916
3073,523932
3074,523933
3075,524001
3076,524078
3077,524092
3078,524188
3079,524462
3080,524747
3081,525096
3082,525097
3083,525160
3084,525178
3085,525193
3086,525280
3087,525286
3088,525794
3089,526098
3090,526289
3091,526443
3092,526451
3093,526854
3094,527097
3095,527164
3096,527164
3097,527754
3098,527806
3099,527807
3100,528002
3101,528150
3102,528219
3103,528219
3104,528375
3105,528857
3106,528858
3107,528860
3108,528970
3109,529325
3110,529640
3111,529698
3112,529733
3113,529849
3114,529850
3115,529929
3116,530064
3117,530086
3118,530217
3119,531164
3120,531350
3121,531376
3122,531550
3123,531741
3124,531955
3125,532064
3126,532143
3127,532169
3128,532186
3129,532517
3130,532894
3131,532945
3132,533031
3133,533494
3134,533572
3135,533866
3136,534093
3137,534107
3138,534117
3139,534763
3140,534782
3141,534825
3142,535284
3143,535284
3144,535505
3145,535760
3146,536038
3147,536095
3148,536096
3149,536096
3150,536206
3151,536236
3152,536237
3153,536507
3154,536661
3155,536869
3156,537108
3157,537313
3158,537516
3159,537624
3160,537645
3161,538611
3162,538679
3163,538751
3164,538757
3165,539206
3166,539230
3167,539235
3168,539235
3169,539497
3170,539526
3171,540199
3172,540362
3173,540875
3174,541443
3175,541571
3176,542104
3177,542145
3178,542750
3179,542826
3180,542941
3181,543419
3182,543438
3183,543490
3184,543584
3185,543660
3186,543691
3187,544129
3188,544454
3189,544771
3190,544900
3191,545197
3192,546348
3193,546404
3194,546407
3195,546428
3196,546492
3197,546675
3198,547077
3199,547275
3200,547291
3201,547707
3202,547901
3203,548033
3204,548152
3205,548815
3206,549079
3207,549164
3208,549200
3209,549653
3210,549746
3211,549826
3212,549834
3213,549907
3214,550066
3215,550157
3216,550347
3217,550348
3218,550455
3219,550659
3220,550663
3221,550682
3222,550801
3223,550914
3224,550965
3225,550986
3226,551106
3227,551107
3228,551127
3229,551181
3230,551359
3231,551671
3232,551929
3233,552096
3234,552121
3235,552459
3236,552643
3237,552788
3238,552799
3239,552799
3240,552986
3241,553000
3242,553291
3243,553510
3244,554032
3245,554466
3246,554835
3247,555006
3248,555298
3249,555451
3250,555940
3251,556033
3252,556151
3253,556287
3254,556709
3255,556721
3256,557352
3257,557800
3258,558094
3259,558097
3260,558097
3261,558136
3262,558254
3263,558293
3264,558293
3265,558389
3266,558561
3267,558628
3268,558760
3269,558875
3270,559191
3271,559203
3272,559638
3273,559738
3274,560423
3275,560493
3276,560496
3277,560652
3278,560657
3279,560745
3280,560777
3281,560794
3282,560847
3283,561022
3284,561302
3285,561421
3286,561753
3287,562096
3288,562387
3289,562631
3290,562733
3291,562901
3292,563039
3293,563053
3294,563228
3295,563312
3296,563317
3297,563347
3298,563417
3299,564867
3300,565031
3301,565128
3302,565339
3303,565362
3304,565447
3305,565490
3306,565912
3307,565962
3308,566167
3309,566204
3310,566398
3311,566414
3312,566533
3313,566713
3314,566820
3315,567083
3316,567109
3317,567315
3318,567349
3319,567349
3320,567426
3321,567760
3322,567765
3323,568278
3324,568361
3325,568528
3326,568798
3327,568808
3328,568832
3329,568943
3330,569104
3331,569179
3332,569229
3333,569303
3334,569391
3335,569753
3336,569754
3337,569755
3338,569775
3339,570104
3340,570232
3341,570240
3342,570664
3343,570708
3344,570792
3345,570793
3346,570857
3347,570923
3348,571164
3349,571375
3350,571421
3351,571467
3352,571590
3353,571655
3354,571742
3355,571843
3356,571846
3357,571898
3358,572043
3359,572165
3360,572203
3361,572383
3362,572431
3363,572677
3364,572818
3365,573031
3366,573032
3367,573214
3368,573255
3369,573383
3370,573469
3371,573819
3372,574173
3373,574240
3374,574843
3375,575360
3376,575434
3377,575680
3378,575694
3379,575781
3380,575953
3381,575991
3382,576560
3383,576562
3384,577000
3385,577338
3386,577376
3387,577669
3388,578047
3389,578613
3390,578730
3391,578940
3392,579044
3393,579065
3394,579253
3395,579280
3396,579498
3397,579561
3398,579793
3399,579891
3400,579932
3401,580098
3402,580098
3403,580135
3404,580248
3405,581177
3406,581609
3407,581777
3408,581961
3409,582411
3410,582536
3411,582900
3412,583071
3413,583103
3414,583132
3415,583370
3416,583841
3417,583953
3418,584164
3419,584283
3420,584315
3421,584324
3422,584329
3423,584335
3424,584448
3425,584523
3426,584552
3427,584561
3428,584669
3429,585040
3430,585880
3431,586031
3432,586985
3433,587233
3434,587486
3435,587799
3436,587981
3437,588221
3438,588707
3439,588707
3440,588857
3441,588969
3442,589142
3443,589320
3444,589554
3445,590083
3446,590108
3447,590500
3448,590738
3449,590859
3450,591095
3451,591415
3452,591757
3453,591867
3454,591888
3455,591981
3456,592071
3457,592111
3458,592307
3459,592441
3460,592917
3461,592969
3462,593046
3463,593167
3464,593325
3465,593562
3466,593595
3467,593595
3468,594158
3469,594438
3470,594587
3471,594670
3472,594671
3473,594731
3474,594739
3475,595374
3476,595443
3477,595553
3478,595675
3479,596232
3480,596460
3481,596512
3482,596845
3483,597122
3484,597229
3485,597371
3486,597626
3487,597746
3488,597752
3489,597837
3490,597896
3491,598018
3492,598082
3493,598311
3494,598523
3495,598559
3496,598613
3497,598628
3498,598651
3499,598684
3500,599779
3501,599915
3502,600249
3503,600354
3504,600357
3505,600593
3506,600756
3507,600767
3508,600893
3509,600989
3510,601372
3511,601521
3512,601534
3513,601599
3514,601871
3515,601871
3516,602060
3517,602350
3518,602476
3519,602646
3520,602859
3521,602960
3522,603329
3523,603448
3524,603540
3525,604135
3526,604241
3527,604241
3528,604338
3529,604452
3530,604485
3531,604567
3532,604662
3533,604996
3534,605278
3535,605357
3536,606450
3537,606824
3538,606824
3539,606842
3540,606878
3541,607190
3542,607216
3543,607414
3544,607932
3545,607977
3546,608156
3547,608611
3548,608670
3549,608775
3550,608820
3551,608867
3552,609213
3553,609245
3554,609428
3555,609498
3556,610262
3557,610554
3558,610576
3559,610585
3560,610657
3561,610716
3562,610772
3563,610958
3564,611086
3565,611403
3566,611591
3567,611964
3568,612253
3569,612318
3570,612430
3571,612805
3572,613004
3573,613850
3574,613950
3575,614242
3576,614295
3577,614463
3578,614906
3579,615072
3580,615255
3581,615359
3582,615392
3583,615422
3584,615570
3585,615639
3586,615929
3587,615957
3588,616727
3589,616984
3590,617319
3591,617551
3592,617592
3593,617649
3594,617835
3595,618436
3596,618452
3597,618809
3598,618874
3599,619197
3600,619230
3601,619716
3602,619890
3603,620083
3604,620298
3605,620685
3606,620751
3607,620996
3608,621045
3609,621566
3610,621766
3611,621772
3612,622416
3613,622495
3614,622529
3615,622529
3616,622866
3617,622890
3618,623158
3619,623196
3620,623639
3621,623836
3622,623864
3623,624096
3624,624167
3625,624279
3626,624537
3627,624648
3628,624877
3629,625038
3630,625337
3631,625412
3632,625475
3633,625689
3634,625689
3635,625755
3636,625816
3637,625845
3638,626014
3639,626188
3640,626211
3641,626347
3642,626692
3643,626708
3644,627189
3645,627203
3646,627327
3647,627371
3648,627418
3649,627428
3650,627595
3651,627688
3652,627791
3653,627836
3654,628042
3655,628059
3656,628137
3657,628736
3658,629091
3659,629559
3660,629559
3661,629862
3662,629863
3663,629933
3664,630096
3665,630285
3666,630470
3667,630962
3668,631302
3669,631340
3670,631681
3671,632008
3672,632085
3673,632215
3674,632494
3675,632500
3676,632619
3677,632713
3678,632732
3679,633233
3680,633619
3681,633832
3682,633859
3683,633962
3684,634026
3685,634244
3686,634314
3687,634544
3688,634555
3689,634693
3690,635339
3691,635373
3692,635380
3693,635699
3694,635703
3695,635904
3696,636184
3697,636306
3698,637328
3699,637583
3700,637718
3701,637720
3702,637745
3703,637772
3704,638078
3705,638254
3706,638323
3707,638584
3708,638585
3709,639093
3710,639175
3711,639183
3712,639410
3713,639983
3714,640541
3715,640585
3716,640617
3717,640619
3718,641259
3719,641454
3720,641755
3721,641756
3722,641823
3723,642057
3724,642108
3725,642208
3726,642386
3727,642832
3728,642838
3729,642846
3730,642884
3731,643009
3732,643136
3733,643408
3734,643586
3735,643722
3736,644052
3737,644140
3738,644144
3739,644146
3740,644290
3741,644290
3742,644417
3743,644417
3744,644483
3745,644483
3746,644492
3747,644541
3748,644542
3749,644697
3750,644990
3751,645042
3752,645103
3753,645355
3754,645703
3755,645719
3756,646162
3757,646697
3758,646758
3759,646959
3760,646960
3761,647080
3762,647103
3763,647332
3764,647375
3765,647391
3766,647925
3767,647951
3768,648062
3769,648094
3770,648252
3771,648290
3772,648356
3773,648489
3774,648490
3775,648573
3776,648604
3777,648648
3778,648772
3779,649022
3780,649207
3781,649273
3782,649511
3783,649617
3784,649672
3785,649677
3786,649754
3787,649924
3788,650350
3789,650350
3790,650718
3791,650962
3792,651001
3793,651017
3794,651070
3795,651343
3796,651828
3797,651982
3798,652116
3799,652347
3800,652446
3801,652495
3802,652585
3803,652587
3804,652992
3805,653242
3806,653253
3807,653300
3808,653526
3809,653667
3810,653679
3811,653799
3812,653867
3813,654176
3814,654176
3815,654324
3816,654381
3817,654746
3818,654905
3819,655250
3820,655328
3821,655650
3822,655717
3823,655811
3824,655927
3825,656384
3826,656455
3827,656475
3828,656606
3829,656658
3830,657141
3831,657167
3832,658061
3833,658442
3834,658529
3835,658819
3836,659010
3837,659185
3838,659193
3839,659278
3840,659501
3841,659555
3842,659936
3843,660010
3844,660409
3845,660570
3846,660752
3847,661061
3848,661077
3849,661227
3850,661587
3851,661631
3852,662142
3853,662256
3854,662295
3855,662511
3856,662511
3857,662542
3858,662797
3859,662910
3860,663030
3861,663030
3862,663108
3863,663126
3864,663259
3865,663430
3866,663443
3867,663532
3868,663768
3869,663776
3870,664034
3871,664935
3872,665195
3873,665635
3874,665860
3875,666179
3876,666181
3877,666257
3878,666317
3879,666825
3880,666942
3881,667090
3882,667099
3883,667652
3884,667675
3885,667981
3886,668075
3887,668101
3888,668303
3889,668369
3890,668839
3891,668840
3892,668847
3893,668928
3894,669153
3895,669212
3896,669248
3897,669248
3898,669254
3899,669318
3900,669497
3901,669642
3902,669679
3903,669790
3904,669792
3905,669862
3906,670402
3907,670468
3908,670786
3909,670847
3910,671037
3911,671081
3912,671526
3913,671619
3914,671734
3915,671759
3916,671774
3917,672129
3918,672195
3919,672229
3920,672244
3921,672535
3922,672584
3923,672632
3924,672815
3925,672897
3926,673074
3927,673074
3928,673172
3929,673174
3930,673362
3931,673404
3932,673467
3933,673761
3934,673903
3935,674140
3936,674244
3937,674770
3938,674902
3939,675099
3940,675140
3941,675542
3942,675641
3943,675858
3944,675940
3945,676104
3946,676257
3947,676332
3948,676713
3949,676813
3950,676904
3951,676932
3952,677034
3953,677112
3954,677561
3955,677666
3956,677759
3957,678285
3958,678400
3959,678499
3960,678558
3961,678635
3962,678681
3963,678771
3964,678791
3965,678960
3966,678983
3967,679050
3968,679318
3969,679348
3970,679366
3971,679542
3972,679543
3973,679614
3974,679636
3975,679719
3976,679753
3977,679823
3978,679826
3979,679988
3980,680307
3981,680355
3982,680696
3983,680752
3984,681002
3985,681059
3986,681059
3987,681369
3988,681369
3989,681638
3990,681709
3991,681771
3992,681773
3993,682167
3994,682258
3995,682290
3996,682329
3997,682342
3998,682395
3999,682549
4000,682552
4001,682740
4002,682775
4003,682844
4004,682901
4005,683055
4006,683160
4007,683520
4008,683614
4009,683668
4010,683858
4011,683858
4012,683862
4013,683970
4014,684115
4015,684234
4016,684312
4017,684394
4018,684394
4019,684427
4020,684427
4021,685303
4022,685888
4023,686121
4024,686140
4025,686176
4026,686187
4027,686246
4028,686489
4029,686690
4030,686845
4031,686966
4032,686993
4033,687038
4034,687149
4035,687375
4036,687840
4037,687894
4038,687935
4039,688115
4040,688132
4041,688237
4042,689442
4043,689720
4044,689746
4045,690048
4046,690181
4047,690627
4048,691506
4049,691524
4050,691790
4051,691900
4052,692025
4053,692050
4054,692277
4055,692299
4056,692300
4057,692572
4058,692572
4059,692757
4060,692856
4061,693100
4062,693127
4063,693185
4064,693373
4065,693496
4066,693681
4067,693688
4068,693742
4069,694228
4070,694307
4071,694460
4072,694504
4073,695061
4074,695248
4075,695372
4076,695502
4077,695815
4078,695853
4079,695952
4080,696081
4081,696153
4082,696190
4083,696617
4084,696660
4085,696710
4086,696805
4087,696805
4088,696850
4089,696949
4090,697253
4091,697324
4092,697650
4093,697920
4094,698411
4095,698448
4096,698448
4097,698501
4098,698812
4099,698813
4100,698918
4101,699192
4102,699255
4103,699410
4104,699638
4105,699885
4106,699895
4107,699958
4108,699962
4109,699970
4110,700050
4111,700459
4112,700530
4113,700567
4114,700710
4115,701147
4116,701157
4117,701717
4118,701723
4119,701854
4120,701891
4121,702176
4122,702260
4123,702683
4124,702741
4125,702770
4126,702851
4127,703075
4128,703076
4129,703290
4130,703434
4131,703799
4132,704429
4133,704490
4134,704684
4135,705346
4136,705370
4137,705932
4138,705932
4139,706180
4140,706231
4141,706247
4142,706247
4143,706283
4144,706367
4145,706525
4146,706693
4147,707001
4148,707193
4149,707272
4150,707577
4151,707728
4152,707829
4153,708364
4154,708500
4155,708676
4156,708722
4157,708961
4158,709092
4159,709209
4160,709322
4161,709322
4162,709469
4163,709660
4164,709660
4165,709868
4166,710143
4167,710762
4168,710924
4169,711080
4170,711243
4171,711348
4172,711745
4173,712048
4174,712207
4175,712386
4176,712424
4177,712453
4178,712647
4179,712686
4180,712734
4181,712784
4182,712903
4183,712918
4184,713060
4185,713112
4186,713204
4187,713244
4188,713292
4189,713326
4190,713425
4191,713442
4192,714830
4193,714832
4194,714883
4195,715151
4196,715251
4197,715260
4198,715480
4199,715550
4200,715673
4201,715928
4202,715987
4203,716101
4204,716289
4205,716530
4206,716557
4207,716767
4208,716942
4209,716966
4210,717000
4211,717041
4212,717146
4213,717353
4214,717503
4215,717553
4216,717663
4217,717827
4218,717884
4219,717900
4220,718161
4221,718822
4222,718922
4223,718923
4224,719250
4225,719929
4226,720061
4227,720165
4228,720302
4229,720457
4230,720477
4231,720631
4232,720921
4233,721150
4234,721208
4235,721378
4236,721411
4237,721539
4238,721591
4239,721842
4240,722068
4241,722565
4242,723042
4243,723045
4244,723100
4245,723275
4246,723387
4247,723462
4248,723784
4249,724170
4250,724439
4251,724471
4252,724694
4253,724695
4254,724896
4255,725100
4256,725404
4257,725649
4258,725758
4259,725805
4260,725913
4261,726230
4262,726303
4263,726638
4264,726652
4265,726835
4266,726934
4267,726953
4268,726953
4269,726977
4270,727198
4271,727261
4272,727378
4273,727565
4274,727647
4275,727719
4276,727958
4277,727968
4278,728104
4279,728419
4280,728549
4281,728590
4282,728592
4283,728737
4284,728738
4285,728857
4286,728872
4287,728965
4288,729403
4289,729457
4290,729479
4291,729525
4292,729526
4293,729940
4294,729975
4295,730110
4296,730177
4297,730274
4298,730643
4299,730661
4300,730942
4301,730975
4302,731420
4303,731659
4304,731678
4305,731851
4306,732266
4307,732337
4308,732368
4309,732405
4310,732479
4311,732646
4312,732698
4313,732813
4314,733639
4315,734123
4316,734172
4317,734178
4318,734331
4319,734435
4320,734457
4321,734572
4322,734688
4323,734847
4324,735197
4325,735258
4326,735401
4327,735756
4328,735757
4329,735788
4330,735798
4331,736005
4332,736026
4333,736138
4334,736170
4335,736999
4336,737035
4337,737685
4338,738020
4339,738259
4340,738285
4341,738370
4342,738476
4343,738536
4344,739832
4345,740399
4346,740722
4347,740746
4348,740980
4349,741079
4350,741096
4351,741285
4352,741358
4353,741378
4354,741705
4355,741797
4356,742055
4357,742055
4358,742460
4359,742628
4360,742630
4361,743053
4362,743267
4363,743331
4364,743415
4365,743427
4366,743726
4367,744635
4368,744935
4369,744958
4370,745066
4371,745072
4372,745195
4373,745610
4374,745795
4375,745884
4376,745918
4377,746040
4378,746297
4379,746300
4380,746537
4381,746576
4382,746788
4383,747043
4384,747190
4385,747650
4386,747766
4387,748129
4388,748191
4389,748336
4390,748377
4391,748420
4392,748486
4393,748525
4394,748547
4395,748547
4396,748557
4397,748584
4398,748639
4399,748954
4400,748984
4401,749060
4402,749360
4403,749402
4404,749460
4405,749503
4406,749601
4407,749783
4408,749876
4409,749926
4410,749999
4411,750056
4412,750131
4413,750331
4414,750350
4415,750695
4416,750973
4417,751382
4418,751457
4419,751984
4420,752119
4421,752244
4422,752273
4423,752599
4424,752994
4425,753278
4426,753417
4427,753699
4428,753967
4429,753967
4430,754183
4431,754357
4432,754402
4433,754425
4434,754606
4435,754651
4436,754927
4437,755356
4438,755513
4439,755603
4440,755698
4441,755745
4442,755745
4443,755973
4444,756207
4445,756222
4446,756223
4447,757226
4448,757670
4449,757775
4450,757850
4451,757923
4452,758113
4453,758247
4454,758518
4455,758520
4456,758613
4457,758634
4458,758662
4459,758662
4460,758687
4461,759182
4462,759220
4463,759233
4464,759789
4465,759934
4466,759951
4467,760008
4468,760027
4469,760181
4470,760213
4471,760703
4472,760750
4473,761383
4474,761628
4475,761930
4476,761940
4477,761943
4478,762656
4479,762738
4480,762818
4481,762828
4482,762878
4483,762879
4484,763008
4485,763208
4486,763250
4487,763446
4488,763589
4489,763736
4490,763938
4491,764090
4492,764314
4493,764325
4494,764438
4495,764824
4496,764914
4497,765290
4498,765459
4499,765460
4500,765508
4501,766476
4502,766573
4503,766711
4504,767110
4505,767588
4506,767807
4507,767807
4508,767815
4509,767931
4510,768059
4511,768233
4512,768637
4513,768797
4514,769701
4515,769810
4516,769916
4517,770028
4518,770131
4519,770575
4520,770693
4521,771061
4522,771065
4523,771085
4524,771345
4525,771346
4526,771953
4527,772239
4528,772477
4529,772729
4530,772787
4531,772799
4532,773008
4533,773011
4534,773024
4535,773188
4536,773464
4537,773529
4538,773761
4539,773853
4540,773968
4541,774121
4542,774404
4543,774595
4544,774683
4545,775036
4546,775114
4547,775226
4548,775245
4549,775986
4550,776359
4551,776389
4552,776590
4553,776660
4554,776696
4555,776893
4556,777314
4557,777457
4558,777474
4559,777554
4560,777785
4561,778237
4562,778301
4563,778527
4564,779393
4565,779702
4566,779873
4567,780020
4568,780351
4569,780378
4570,780686
4571,780739
4572,780989
4573,781042
4574,781333
4575,781351
4576,781599
4577,781615
4578,781713
4579,781826
4580,781972
4581,782068
4582,782165
4583,782188
4584,782285
4585,782332
4586,782334
4587,782575
4588,782771
4589,782771
4590,782777
4591,782777
4592,782882
4593,782882
4594,782900
4595,782950
4596,783054
4597,783816
4598,783917
4599,783927
4600,784248
4601,784435
4602,784800
4603,785054
4604,785125
4605,785342
4606,785427
4607,785439
4608,785581
4609,785588
4610,785593
4611,785753
4612,785971
4613,786100
4614,786243
4615,786321
4616,786346
4617,787172
4618,787457
4619,787705
4620,787751
4621,787841
4622,787989
4623,788020
4624,788084
4625,788700
4626,789171
4627,789261
4628,789467
4629,789510
4630,789993
4631,790075
4632,790242
4633,790452
4634,790456
4635,790476
4636,790589
4637,791192
4638,791476
4639,791479
4640,791615
4641,791668
4642,791671
4643,792060
4644,792486
4645,792733
4646,792977
4647,793201
4648,793219
4649,793246
4650,793387
4651,793499
4652,793516
4653,793710
4654,793988
4655,794167
4656,794267
4657,794416
4658,794818
4659,794924
4660,795036
4661,795110
4662,795336
4663,795371
4664,795554
4665,795751
4666,795776
4667,795920
4668,796532
4669,796638
4670,796714
4671,796784
4672,797001
4673,797344
4674,797367
4675,797407
4676,797702
4677,797712
4678,798003
4679,798421
4680,798497
4681,798896
4682,798961
4683,799230
4684,799258
4685,799391
4686,799461
4687,799512
4688,799597
4689,799673
4690,799882
4691,800207
4692,800328
4693,800413
4694,800471
4695,800690
4696,801127
4697,801237
4698,801331
4699,801668
4700,802176
4701,802186
4702,802638
4703,802708
4704,802919
4705,802954
4706,803069
4707,803280
4708,803577
4709,803937
4710,804086
4711,804112
4712,804152
4713,804379
4714,804400
4715,804515
4716,804526
4717,804664
4718,804691
4719,805028
4720,805128
4721,805160
4722,805438
4723,805858
4724,805912
4725,806103
4726,806174
4727,806212
4728,806221
4729,806235
4730,806413
4731,806701
4732,807381
4733,807404
4734,807404
4735,807691
4736,807735
4737,808195
4738,808385
4739,808385
4740,808460
4741,809016
4742,809041
4743,809651
4744,809669
4745,810163
4746,810293
4747,810871
4748,810975
4749,811266
4750,811504
4751,811618
4752,811964
4753,812294
4754,812658
4755,812818
4756,812958
4757,812958
4758,813472
4759,813729
4760,814145
4761,814295
4762,814313
4763,815340
4764,815481
4765,815559
4766,815857
4767,816043
4768,816228
4769,816587
4770,816588
4771,816686
4772,816978
4773,817020
4774,817041
4775,817724
4776,818143
4777,818162
4778,818251
4779,818251
4780,818393
4781,818473
4782,818702
4783,818891
4784,819129
4785,819192
4786,819226
4787,819860
4788,820220
4789,820258
4790,820269
4791,820342
4792,820406
4793,820458
4794,820559
4795,820646
4796,821310
4797,821755
4798,821798
4799,822124
4800,822238
4801,822270
4802,822579
4803,822897
4804,823111
4805,823334
4806,823612
4807,823637
4808,823807
4809,823987
4810,824126
4811,824126
4812,824208
4813,824443
4814,825041
4815,825176
4816,825329
4817,825515
4818,825545
4819,825743
4820,825846
4821,826213
4822,826295
4823,826436
4824,826687
4825,826827
4826,826890
4827,826934
4828,827077
4829,827077
4830,827678
4831,827804
4832,827967
4833,828129
4834,828207
4835,828743
4836,828896
4837,828906
4838,828960
4839,829333
4840,829431
4841,829565
4842,829613
4843,829773
4844,829835
4845,830347
4846,830578
4847,830596
4848,830937
4849,830944
4850,830947
4851,831131
4852,831164
4853,831465
4854,831526
4855,832082
4856,832143
4857,832392
4858,832908
4859,833056
4860,833147
4861,833180
4862,833251
4863,833251
4864,833852
4865,833860
4866,833960
4867,834410
4868,834544
4869,834605
4870,835028
4871,835087
4872,835148
4873,835319
4874,836105
4875,836219
4876,836787
4877,837404
4878,837603
4879,837651
4880,837719
4881,837964
4882,837998
4883,838052
4884,838075
4885,838159
4886,838459
4887,838554
4888,838625
4889,838811
4890,838948
4891,839308
4892,840152
4893,840175
4894,840702
4895,840715
4896,840716
4897,840799
4898,840952
4899,841008
4900,841016
4901,841115
4902,841782
4903,842406
4904,842835
4905,842846
4906,843064
4907,843124
4908,843271
4909,843470
4910,843526
4911,843710
4912,843792
4913,844156
4914,844162
4915,844253
4916,844254
4917,844338
4918,844507
4919,844718
4920,844742
4921,844804
4922,844975
4923,845522
4924,845797
4925,846538
4926,846594
4927,846759
4928,846930
4929,847044
4930,847044
4931,847232
4932,847240
4933,847571
4934,847857
4935,848201
4936,848250
4937,848507
4938,849078
4939,849145
4940,849171
4941,849603
4942,849772
4943,849772
4944,849811
4945,849974
4946,850275
4947,850275
4948,850502
4949,850573
4950,850618
4951,850780
4952,851674
4953,851719
4954,851862
4955,851862
4956,852099
4957,852615
4958,852687
4959,852740
4960,852848
4961,852851
4962,853404
4963,853426
4964,853521
4965,853528
4966,853555
4967,853615
4968,853798
4969,854047
4970,854151
4971,854204
4972,854383
4973,854384
4974,854565
4975,854945
4976,855322
4977,855440
4978,855441
4979,855450
4980,855489
4981,855503
4982,855867
4983,855900
4984,855901
4985,855962
4986,856239
4987,856266
4988,856347
4989,856388
4990,856485
4991,856528
4992,856971
4993,857292
4994,857508
4995,857804
4996,857859
4997,858127
4998,858424
4999,858704
5000,858937
5001,858950
5002,858985
5003,859040
5004,859761
5005,860042
5006,860059
5007,860081
5008,860388
5009,860388
5010,860727
5011,860855
5012,860908
5013,861114
5014,861187
5015,861215
5016,861223
5017,861238
5018,861640
5019,861716
5020,861791
5021,861956
5022,862113
5023,862114
5024,862463
5025,862591
5026,862641
5027,862794
5028,862831
5029,862880
5030,863563
5031,863625
5032,863798
5033,863991
5034,864210
5035,864621
5036,864640
5037,864994
5038,865024
5039,865148
5040,865190
5041,865623
5042,865676
5043,865946
5044,865976
5045,866124
5046,866357
5047,866476
5048,866476
5049,866708
5050,866980
5051,866989
5052,866989
5053,867015
5054,867016
5055,867236
5056,867327
5057,867391
5058,867472
5059,867478
5060,867488
5061,867524
5062,868047
5063,868264
5064,868915
5065,868915
5066,868929
5067,869283
5068,869477
5069,869768
5070,870137
5071,870225
5072,870296
5073,870466
5074,870594
5075,870797
5076,870945
5077,871744
5078,871823
5079,872432
5080,872772
5081,872961
5082,873026
5083,873026
5084,873048
5085,873229
5086,873464
5087,873464
5088,873871
5089,873988
5090,874315
5091,874628
5092,875064
5093,875312
5094,875313
5095,875631
5096,875765
5097,876246
5098,876259
5099,876259
5100,876279
5101,876320
5102,877210
5103,877259
5104,877326
5105,877432
5106,877432
5107,877466
5108,877628
5109,877780
5110,877824
5111,878445
5112,878481
5113,879045
5114,879133
5115,879326
5116,879410
5117,879510
5118,879721
5119,879721
5120,879823
5121,880925
5122,881110
5123,881134
5124,881216
5125,882129
5126,882495
5127,882688
5128,882840
5129,882975
5130,883094
5131,883187
5132,883945
5133,883956
5134,883999
5135,884236
5136,884294
5137,884501
5138,884702
5139,884811
5140,884939
5141,885193
5142,885452
5143,885695
5144,885994
5145,886027
5146,886294
5147,886307
5148,886339
5149,886408
5150,886462
5151,886650
5152,886792
5153,886873
5154,887293
5155,887348
5156,887872
5157,887873
5158,887908
5159,887985
5160,888204
5161,888264
5162,888329
5163,888535
5164,888573
5165,889220
5166,889366
5167,889522
5168,889665
5169,889745
5170,889924
5171,889977
5172,890487
5173,890523
5174,890694
5175,890987
5176,891001
5177,891002
5178,891068
5179,891123
5180,891175
5181,891409
5182,892095
5183,892488
5184,892515
5185,892538
5186,892672
5187,892672
5188,892879
5189,893510
5190,894181
5191,894216
5192,894424
5193,894534
5194,895276
5195,895356
5196,895362
5197,895457
5198,895495
5199,895840
5200,896207
5201,896508
5202,896640
5203,896962
5204,896970
5205,897127
5206,897250
5207,897491
5208,897557
5209,897619
5210,897938
5211,897938
5212,897940
5213,897941
5214,898057
5215,898346
5216,898429
5217,898724
5218,898858
5219,899051
5220,899153
5221,899302
5222,899324
5223,899499
5224,899666
5225,899667
5226,899966
5227,900500
5228,900675
5229,900988
5230,901025
5231,901255
5232,901584
5233,901671
5234,901771
5235,902790
5236,902960
5237,903005
5238,903424
5239,903464
5240,904029
5241,904302
5242,904553
5243,905158
5244,905271
5245,905348
5246,905493
5247,905508
5248,906002
5249,906002
5250,906376
5251,906377
5252,906386
5253,906498
5254,906554
5255,906872
5256,907315
5257,907394
5258,907520
5259,907543
5260,907704
5261,907749
5262,907932
5263,908136
5264,908206
5265,908218
5266,908482
5267,908638
5268,908680
5269,908851
5270,909129
5271,909174
5272,909247
5273,909547
5274,909681
5275,909682
5276,909910
5277,909945
5278,910098
5279,910189
5280,910314
5281,910379
5282,910516
5283,910579
5284,910579
5285,911059
5286,911084
5287,911166
5288,911449
5289,911522
5290,911588
5291,911761
5292,911914
5293,912078
5294,912207
5295,912332
5296,912452
5297,912567
5298,912569
5299,912702
5300,912818
5301,913059
5302,913312
5303,913352
5304,913361
5305,913457
5306,913511
5307,913632
5308,913948
5309,914437
5310,914634
5311,914987
5312,914987
5313,915343
5314,915615
5315,915649
5316,915653
5317,915808
5318,915808
5319,915895
5320,916062
5321,916125
5322,916199
5323,916334
5324,916422
5325,916600
5326,916851
5327,916897
5328,917026
5329,917026
5330,917027
5331,917217
5332,917264
5333,917309
5334,917546
5335,917560
5336,917945
5337,918406
5338,918426
5339,918431
5340,918488
5341,918816
5342,919044
5343,919213
5344,919291
5345,919497
5346,919690
5347,919966
5348,920017
5349,920119
5350,920140
5351,920196
5352,920448
5353,920628
5354,920663
5355,920688
5356,920808
5357,920849
5358,921062
5359,921096
5360,921314
5361,921337
5362,921565
5363,921641
5364,921736
5365,921736
5366,921767
5367,921995
5368,922066
5369,922199
5370,922494
5371,922509
5372,922591
5373,922850
5374,923101
5375,923586
5376,923692
5377,924042
5378,924111
5379,924362
5380,924407
5381,924708
5382,924841
5383,925045
5384,925305
5385,925515
5386,925707
5387,925992
5388,925993
5389,926424
5390,926744
5391,927194
5392,927557
5393,927702
5394,927865
5395,927983
5396,927984
5397,928078
5398,928081
5399,928147
5400,928177
5401,928249
5402,928361
5403,929142
5404,929175
5405,929203
5406,929369
5407,929402
5408,929492
5409,929694
5410,929850
5411,929987
5412,930020
5413,930107
5414,930135
5415,930210
5416,930467
5417,930557
5418,930773
5419,931262
5420,931276
5421,931450
5422,931539
5423,931572
5424,932113
5425,932113
5426,932213
5427,932263
5428,932340
5429,932394
5430,932524
5431,932673
5432,932698
5433,932884
5434,933123
5435,933247
5436,933426
5437,933560
5438,933689
5439,933717
5440,933718
5441,933844
5442,934080
5443,934426
5444,935282
5445,935286
5446,935504
5447,935577
5448,935605
5449,935847
5450,936053
5451,936653
5452,936772
5453,936958
5454,937001
5455,937136
5456,937220
5457,937286
5458,937636
5459,937671
5460,938079
5461,938089
5462,938237
5463,938343
5464,938634
5465,939210
5466,939429
5467,939455
5468,939751
5469,939777
5470,940079
5471,940117
5472,940125
5473,940810
5474,940927
5475,940927
5476,941204
5477,941236
5478,941301
5479,941348
5480,941947
5481,941947
5482,941951
5483,942013
5484,942013
5485,942247
5486,942563
5487,942783
5488,942783
5489,942807
5490,942958
5491,943662
5492,943695
5493,943766
5494,943967
5495,943970
5496,944116
5497,944328
5498,944394
5499,944755
5500,944756
5501,944951
5502,945317
5503,945394
5504,945404
5505,945522
5506,945522
5507,945882
5508,946248
5509,946438
5510,946478
5511,946510
5512,946635
5513,946653
5514,946747
5515,946798
5516,947101
5517,947101
5518,947217
5519,947398
5520,947423
5521,947424
5522,947440
5523,947631
5524,947636
5525,947671
5526,947706
5527,947719
5528,947803
5529,947815
5530,947924
5531,947966
5532,948113
5533,948360
5534,948373
5535,949038
5536,949038
5537,949199
5538,949239
5539,949580
5540,950049
5541,950111
5542,950464
5543,950811
5544,951026
5545,951216
5546,951549
5547,951583
5548,951712
5549,951714
5550,951812
5551,951829
5552,952298
5553,952357
5554,952388
5555,952774
5556,952780
5557,952817
5558,952850
5559,953158
5560,953215
5561,953396
5562,953831
5563,953832
5564,953847
5565,953911
5566,953911
5567,954091
5568,954208
5569,954355
5570,954453
5571,954509
5572,955827
5573,956430
5574,956519
5575,956789
5576,956912
5577,957024
5578,957319
5579,957493
5580,957513
5581,957513
5582,957698
5583,957704
5584,957863
5585,957963
5586,958087
5587,958106
5588,958163
5589,958276
5590,958324
5591,958579
5592,958579
5593,958581
5594,958721
5595,958811
5596,959309
5597,959324
5598,959398
5599,959511
5600,959536
5601,959554
5602,959966
5603,960093
5604,960289
5605,960367
5606,960452
5607,960463
5608,960735
5609,961411
5610,961423
5611,961567
5612,961936
5613,962014
5614,962155
5615,962328
5616,962328
5617,962503
5618,962841
5619,962866
5620,962913
5621,963020
5622,963337
5623,963344
5624,963450
5625,963665
5626,963704
5627,963710
5628,963741
5629,964024
5630,964079
5631,964150
5632,964243
5633,964244
5634,964471
5635,964475
5636,964508
5637,964580
5638,965126
5639,965256
5640,965407
5641,965431
5642,965493
5643,965575
5644,965681
5645,965701
5646,965719
5647,965847
5648,965880
5649,965883
5650,966050
5651,966509
5652,966601
5653,966856
5654,966920
5655,967114
5656,967293
5657,967324
5658,967897
5659,968158
5660,968385
5661,968385
5662,968476
5663,968503
5664,968503
5665,968506
5666,968745
5667,968786
5668,969158
5669,969184
5670,969185
5671,969597
5672,969652
5673,970161
5674,970207
5675,970296
5676,970302
5677,970344
5678,970541
5679,970669
5680,970670
5681,970871
5682,970901
5683,971197
5684,971280
5685,971282
5686,971283
5687,971675
5688,972183
5689,972250
5690,972254
5691,972548
5692,972789
5693,973191
5694,973567
5695,973705
5696,973735
5697,974033
5698,974249
5699,975142
5700,975225
5701,975384
5702,975631
5703,975799
5704,975811
5705,975840
5706,976374
5707,976621
5708,976844
5709,976856
5710,977116
5711,977188
5712,977273
5713,977438
5714,977768
5715,977899
5716,978285
5717,978329
5718,978604
5719,978722
5720,978865
5721,979455
5722,979830
5723,979892
5724,980072
5725,980325
5726,980372
5727,980486
5728,980554
5729,980570
5730,980606
5731,980865
5732,980964
5733,981100
5734,981101
5735,981108
5736,981421
5737,981438
5738,981444
5739,981479
5740,981618
5741,981926
5742,982542
5743,982614
5744,982633
5745,982972
5746,983082
5747,983484
5748,983516
5749,983960
5750,984123
5751,984899
5752,984941
5753,985157
5754,985318
5755,985505
5756,985612
5757,985876
5758,985899
5759,986157
5760,986158
5761,986191
5762,986492
5763,986651
5764,986652
5765,986661
5766,986801
5767,986852
5768,986884
5769,986963
5770,986984
5771,986998
5772,987129
5773,987129
5774,987403
5775,987454
5776,987647
5777,987839
5778,988094
5779,988452
5780,988777
5781,988794
5782,988935
5783,989072
5784,989078
5785,989219
5786,989503
5787,989901
5788,989947
5789,990512
5790,990640
5791,990983
5792,991021
5793,991023
5794,991194
5795,991255
5796,991353
5797,991353
5798,991696
5799,991823
5800,991831
5801,992036
5802,992214
5803,992472
5804,992554
5805,992748
5806,992843
5807,992956
5808,992987
5809,993057
5810,993084
5811,993499
5812,993572
5813,994316
5814,994343
5815,994486
5816,994486
5817,994525
5818,994646
5819,994716
5820,994717
5821,994839
5822,995158
5823,995430
5824,995552
5825,995781
5826,995841
5827,996100
5828,996133
5829,996431
5830,996522
5831,996655
5832,996931
5833,997025
5834,997133
5835,997486
5836,997955
5837,997956
5838,997963
5839,998177
5840,998205
5841,998219
5842,998815
5843,999102
5844,999182
5845,999389
5846,999476
5847,999825
5848,1000112
5849,1000268
5850,1000344
5851,1000369
5852,1000489
5853,1000546
5854,1000566
5855,1000600
5856,1000763
5857,1000981
5858,1001023
5859,1001093
5860,1001368
5861,1001460
5862,1001552
5863,1001785
5864,1001990
5865,1002015
5866,1002178
5867,1002178
5868,1002194
5869,1002212
5870,1002272
5871,1002340
5872,1002348
5873,1002527
5874,1002653
5875,1002852
5876,1002945
5877,1003045
5878,1003068
5879,1003387
5880,1003533
5881,1003805
5882,1003830
5883,1003996
5884,1004271
5885,1004454
5886,1004945
5887,1004945
5888,1005007
5889,1005582
5890,1005665
5891,1005700
5892,1005777
5893,1006009
5894,1006044
5895,1006101
5896,1006148
5897,1006172
5898,1006255
5899,1006325
5900,1006689
5901,1006727
5902,1006961
5903,1007160
5904,1007348
5905,1007398
5906,1007441
5907,1007570
5908,1007570
5909,1007981
5910,1008202
5911,1008385
5912,1008390
5913,1008551
5914,1008697
5915,1008940
5916,1009014
5917,1009157
5918,1009322
5919,1009670
5920,1009762
5921,1009762
5922,1010016
5923,1010197
5924,1010263
5925,1010347
5926,1010347
5927,1010496
5928,1010595
5929,1010962
5930,1010988
5931,1011256
5932,1011897
5933,1012196
5934,1012200
5935,1012452
5936,1012788
5937,1012788
5938,1013161
5939,1013525
5940,1013845
5941,1013891
5942,1013972
5943,1014062
5944,1014285
5945,1014583
5946,1014600
5947,1014663
5948,1014981
5949,1015443
5950,1015542
5951,1015647
5952,1015728
5953,1016766
5954,1016943
5955,1017054
5956,1017060
5957,1017060
5958,1017370
5959,1017471
5960,1017610
5961,1017734
5962,1017984
5963,1018471
5964,1018491
5965,1018491
5966,1018579
5967,1018660
5968,1018940
5969,1019249
5970,1020230
5971,1020277
5972,1020317
5973,1020401
5974,1020708
5975,1021209
5976,1021670
5977,1021700
5978,1021718
5979,1021845
5980,1021846
5981,1021931
5982,1022102
5983,1022102
5984,1022160
5985,1022508
5986,1023229
5987,1023490
5988,1023870
5989,1023924
5990,1024201
5991,1024880
5992,1025009
5993,1025010
5994,1025051
5995,1025065
5996,1025590
5997,1025612
5998,1025860
5999,1026191
6000,1026284
6001,1026403
6002,1026597
6003,1026748
6004,1027261
6005,1027312
6006,1027312
6007,1027367
6008,1027493
6009,1027659
6010,1027693
6011,1028194
6012,1028541
6013,1028550
6014,1028819
6015,1028825
6016,1028911
6017,1029040
6018,1029129
6019,1029204
6020,1029423
6021,1029584
6022,1029621
6023,1029630
6024,1029630
6025,1029745
6026,1029781
6027,1029808
6028,1029956
6029,1029990
6030,1029990
6031,1030121
6032,1030196
6033,1030219
6034,1030284
6035,1030419
6036,1030531
6037,1030695
6038,1030748
6039,1030902
6040,1031063
6041,1031175
6042,1031338
6043,1031692
6044,1031855
6045,1032261
6046,1032261
6047,1032318
6048,1033017
6049,1033070
6050,1033123
6051,1033133
6052,1033174
6053,1033197
6054,1033227
6055,1033243
6056,1033404
6057,1033478
6058,1033590
6059,1034543
6060,1034607
6061,1034607
6062,1034609
6063,1034628
6064,1034702
6065,1034789
6066,1034843
6067,1034990
6068,1035079
6069,1035295
6070,1035456
6071,1035462
6072,1035473
6073,1035542
6074,1035711
6075,1036323
6076,1036362
6077,1036371
6078,1036589
6079,1036652
6080,1037110
6081,1037140
6082,1037380
6083,1037396
6084,1037679
6085,1037995
6086,1038025
6087,1038124
6088,1038454
6089,1038512
6090,1038576
6091,1038619
6092,1038697
6093,1038743
6094,1038811
6095,1038887
6096,1039097
6097,1039135
6098,1039614
6099,1039728
6100,1039966
6101,1040000
6102,1040354
6103,1040640
6104,1041087
6105,1041145
6106,1041818
6107,1041843
6108,1041920
6109,1042482
6110,1042708
6111,1042710
6112,1042914
6113,1042979
6114,1043016
6115,1043020
6116,1043021
6117,1043357
6118,1043428
6119,1043602
6120,1043630
6121,1043778
6122,1044061
6123,1044204
6124,1044653
6125,1044825
6126,1044916
6127,1044973
6128,1045231
6129,1045294
6130,1045644
6131,1045649
6132,1045862
6133,1045986
6134,1046014
6135,1046363
6136,1046673
6137,1047003
6138,1047228
6139,1047691
6140,1047708
6141,1047750
6142,1048011
6143,1048045
6144,1048045
6145,1048085
6146,1048155
6147,1048850
6148,1049313
6149,1049354
6150,1049567
6151,1049579
6152,1049613
6153,1049675
6154,1050140
6155,1050192
6156,1050389
6157,1050831
6158,1050993
6159,1051043
6160,1051157
6161,1051775
6162,1051799
6163,1052031
6164,1052341
6165,1052474
6166,1052627
6167,1052736
6168,1052757
6169,1053360
6170,1053491
6171,1053649
6172,1053740
6173,1053946
6174,1054032
6175,1054452
6176,1054997
6177,1055102
6178,1055115
6179,1055136
6180,1055148
6181,1055181
6182,1055205
6183,1055239
6184,1055239
6185,1055447
6186,1055543
6187,1055751
6188,1055796
6189,1056005
6190,1056139
6191,1056240
6192,1056352
6193,1056466
6194,1056704
6195,1056895
6196,1056959
6197,1057123
6198,1057155
6199,1057254
6200,1057324
6201,1057829
6202,1057917
6203,1058094
6204,1058329
6205,1058700
6206,1058717
6207,1058744
6208,1058828
6209,1058852
6210,1059019
6211,1059121
6212,1059204
6213,1059204
6214,1059221
6215,1059352
6216,1059650
6217,1059919
6218,1059921
6219,1059932
6220,1060124
6221,1060166
6222,1060415
6223,1060649
6224,1061093
6225,1061174
6226,1061174
6227,1061655
6228,1061725
6229,1061729
6230,1061833
6231,1062145
6232,1062519
6233,1062602
6234,1062719
6235,1062770
6236,1062841
6237,1063166
6238,1063223
6239,1063424
6240,1063673
6241,1063752
6242,1064051
6243,1064116
6244,1064142
6245,1064955
6246,1064955
6247,1065088
6248,1065662
6249,1066037
6250,1066572
6251,1067012
6252,1067046
6253,1067113
6254,1067539
6255,1067560
6256,1067610
6257,1067722
6258,1067883
6259,1068099
6260,1068131
6261,1068353
6262,1068483
6263,1068622
6264,1069433
6265,1069576
6266,1069634
6267,1070513
6268,1070513
6269,1070707
6270,1070847
6271,1071223
6272,1071353
6273,1071375
6274,1071683
6275,1071893
6276,1072123
6277,1072176
6278,1072288
6279,1072426
6280,1073107
6281,1073159
6282,1073162
6283,1073216
6284,1073318
6285,1073559
6286,1073753
6287,1073766
6288,1073883
6289,1073904
6290,1073905
6291,1074079
6292,1075072
6293,1075192
6294,1075399
6295,1075716
6296,1075938
6297,1076256
6298,1076295
6299,1077106
6300,1077123
6301,1077155
6302,1077278
6303,1077440
6304,1077474
6305,1077546
6306,1078302
6307,1078460
6308,1078497
6309,1078537
6310,1078707
6311,1078966
6312,1078978
6313,1079263
6314,1079619
6315,1079746
6316,1079928
6317,1080119
6318,1080203
6319,1080370
6320,1080401
6321,1080551
6322,1081144
6323,1081252
6324,1081352
6325,1081595
6326,1081832
6327,1082022
6328,1082265
6329,1082469
6330,1082665
6331,1082708
6332,1082784
6333,1083051
6334,1083331
6335,1083427
6336,1083685
6337,1083910
6338,1084067
6339,1084475
6340,1084555
6341,1084587
6342,1084643
6343,1084823
6344,1084916
6345,1084937
6346,1086017
6347,1086017
6348,1086732
6349,1086808
6350,1087255
6351,1087555
6352,1087771
6353,1087786
6354,1088000
6355,1088000
6356,1088164
6357,1088540
6358,1088760
6359,1088776
6360,1088990
6361,1088990
6362,1089426
6363,1089715
6364,1089865
6365,1089948
6366,1090056
6367,1090239
6368,1090296
6369,1090322
6370,1090808
6371,1090881
6372,1091202
6373,1091450
6374,1091469
6375,1091596
6376,1091708
6377,1091784
6378,1092214
6379,1092481
6380,1092482
6381,1092749
6382,1092958
6383,1093021
6384,1093299
6385,1093447
6386,1093536
6387,1093768
6388,1094072
6389,1094269
6390,1094506
6391,1094567
6392,1094863
6393,1095019
6394,1095409
6395,1095667
6396,1095792
6397,1095834
6398,1095857
6399,1095926
6400,1096045
6401,1096080
6402,1096102
6403,1096465
6404,1096582
6405,1097096
6406,1097157
6407,1097270
6408,1097337
6409,1097480
6410,1097652
6411,1097935
6412,1098401
6413,1098456
6414,1099051
6415,1099053
6416,1099270
6417,1099378
6418,1099550
6419,1099818
6420,1099873
6421,1099983
6422,1099995
6423,1100000
6424,1100000
6425,1100059
6426,1100100
6427,1100472
6428,1100678
6429,1100696
6430,1100962
6431,1101012
6432,1101066
6433,1101144
6434,1101175
6435,1101245
6436,1101249
6437,1101253
6438,1101994
6439,1102069
6440,1102310
6441,1102342
6442,1102533
6443,1102710
6444,1102909
6445,1102957
6446,1103333
6447,1103392
6448,1103446
6449,1103586
6450,1103593
6451,1103847
6452,1104215
6453,1104219
6454,1104495
6455,1104563
6456,1104648
6457,1104683
6458,1104748
6459,1104948
6460,1105205
6461,1105408
6462,1105564
6463,1105640
6464,1106253
6465,1106397
6466,1106399
6467,1106695
6468,1106836
6469,1106844
6470,1107057
6471,1107070
6472,1107312
6473,1107635
6474,1107780
6475,1108103
6476,1108103
6477,1108282
6478,1108408
6479,1108461
6480,1108847
6481,1108941
6482,1108942
6483,1108983
6484,1109018
6485,1109558
6486,1110027
6487,1110031
6488,1110210
6489,1110321
6490,1110544
6491,1110629
6492,1110728
6493,1110729
6494,1110994
6495,1111115
6496,1111124
6497,1111129
6498,1111244
6499,1111244
6500,1111588
6501,1111734
6502,1111771
6503,1111881
6504,1111999
6505,1112166
6506,1112251
6507,1112350
6508,1112447
6509,1112946
6510,1113288
6511,1113633
6512,1113816
6513,1113846
6514,1113913
6515,1114036
6516,1114157
6517,1114262
6518,1114359
6519,1114405
6520,1114438
6521,1114536
6522,1115107
6523,1115410
6524,1115467
6525,1115533
6526,1115562
6527,1115592
6528,1115793
6529,1115921
6530,1115939
6531,1116036
6532,1116249
6533,1116297
6534,1116430
6535,1116974
6536,1117120
6537,1117512
6538,1117548
6539,1117820
6540,1117907
6541,1117974
6542,1118058
6543,1118329
6544,1118429
6545,1118505
6546,1118879
6547,1118880
6548,1118917
6549,1119155
6550,1119354
6551,1119583
6552,1119795
6553,1119802
6554,1119845
6555,1119872
6556,1119918
6557,1120098
6558,1120246
6559,1120311
6560,1120386
6561,1120501
6562,1120504
6563,1120513
6564,1120719
6565,1121338
6566,1121500
6567,1121548
6568,1121581
6569,1121679
6570,1121689
6571,1121765
6572,1121765
6573,1121832
6574,1122090
6575,1122192
6576,1122696
6577,1123383
6578,1123622
6579,1123622
6580,1123673
6581,1123699
6582,1124063
6583,1124347
6584,1124582
6585,1124844
6586,1124846
6587,1124977
6588,1125129
6589,1125195
6590,1125287
6591,1125349
6592,1125441
6593,1125501
6594,1125541
6595,1125867
6596,1125909
6597,1125951
6598,1125971
6599,1126024
6600,1126115
6601,1126128
6602,1126133
6603,1126336
6604,1126455
6605,1126477
6606,1126634
6607,1126968
6608,1127006
6609,1127116
6610,1127415
6611,1127637
6612,1127788
6613,1128262
6614,1128327
6615,1128430
6616,1128732
6617,1128853
6618,1129148
6619,1129791
6620,1130229
6621,1131336
6622,1131614
6623,1131709
6624,1131837
6625,1131838
6626,1131862
6627,1131974
6628,1132044
6629,1132355
6630,1132355
6631,1132738
6632,1132854
6633,1132970
6634,1133030
6635,1133280
6636,1133351
6637,1133509
6638,1133582
6639,1133663
6640,1133747
6641,1133792
6642,1134070
6643,1135032
6644,1135033
6645,1135112
6646,1135117
6647,1135203
6648,1135204
6649,1135294
6650,1135320
6651,1135624
6652,1135696
6653,1135894
6654,1135991
6655,1136174
6656,1136174
6657,1136273
6658,1136355
6659,1136369
6660,1137081
6661,1137149
6662,1137181
6663,1137187
6664,1137187
6665,1137234
6666,1137415
6667,1137522
6668,1137651
6669,1137916
6670,1137959
6671,1138173
6672,1138222
6673,1138612
6674,1138939
6675,1139079
6676,1139315
6677,1139495
6678,1139633
6679,1139736
6680,1139913
6681,1140516
6682,1140608
6683,1140651
6684,1140720
6685,1140911
6686,1141025
6687,1141075
6688,1141192
6689,1141205
6690,1141290
6691,1141443
6692,1141704
6693,1141914
6694,1141943
6695,1142123
6696,1142441
6697,1142840
6698,1143055
6699,1143061
6700,1143073
6701,1143283
6702,1143298
6703,1143329
6704,1143772
6705,1144274
6706,1144274
6707,1144393
6708,1144441
6709,1144471
6710,1144888
6711,1144911
6712,1144911
6713,1144989
6714,1145007
6715,1145236
6716,1145930
6717,1146187
6718,1146200
6719,1146253
6720,1146318
6721,1146338
6722,1146580
6723,1146693
6724,1146824
6725,1146879
6726,1147343
6727,1147387
6728,1147491
6729,1147492
6730,1147534
6731,1147880
6732,1148172
6733,1148187
6734,1148375
6735,1148543
6736,1148785
6737,1149068
6738,1149357
6739,1149391
6740,1149537
6741,1149595
6742,1149658
6743,1149861
6744,1149862
6745,1149881
6746,1149942
6747,1150061
6748,1150643
6749,1150769
6750,1150773
6751,1150934
6752,1151690
6753,1151919
6754,1152011
6755,1152168
6756,1152182
6757,1152314
6758,1152334
6759,1152399
6760,1152649
6761,1152871
6762,1153159
6763,1153895
6764,1154214
6765,1154214
6766,1154323
6767,1154363
6768,1154487
6769,1154590
6770,1154699
6771,1154909
6772,1154909
6773,1155311
6774,1155311
6775,1155360
6776,1156723
6777,1156723
6778,1156807
6779,1156924
6780,1157121
6781,1157131
6782,1157397
6783,1157993
6784,1158221
6785,1158242
6786,1158719
6787,1158860
6788,1159169
6789,1159487
6790,1160072
6791,1160374
6792,1160469
6793,1160938
6794,1161118
6795,1161141
6796,1161181
6797,1161269
6798,1161711
6799,1161711
6800,1161913
6801,1162256
6802,1162300
6803,1162414
6804,1162491
6805,1162583
6806,1162821
6807,1163044
6808,1163261
6809,1163506
6810,1163616
6811,1164010
6812,1164543
6813,1164624
6814,1164700
6815,1165098
6816,1165289
6817,1165707
6818,1165794
6819,1166219
6820,1166411
6821,1166413
6822,1166506
6823,1166591
6824,1166915
6825,1166918
6826,1167326
6827,1167891
6828,1167892
6829,1168179
6830,1168245
6831,1168302
6832,1168378
6833,1168636
6834,1168654
6835,1168727
6836,1168753
6837,1168761
6838,1169110
6839,1169255
6840,1169274
6841,1170110
6842,1170153
6843,1170288
6844,1170698
6845,1170781
6846,1170914
6847,1171385
6848,1171558
6849,1171641
6850,1171700
6851,1171944
6852,1171949
6853,1172134
6854,1172187
6855,1172249
6856,1172864
6857,1173020
6858,1173392
6859,1173635
6860,1173635
6861,1173703
6862,1173931
6863,1174039
6864,1174311
6865,1174326
6866,1174453
6867,1174645
6868,1174797
6869,1174935
6870,1174986
6871,1175494
6872,1175598
6873,1175621
6874,1175864
6875,1176478
6876,1176490
6877,1176563
6878,1176652
6879,1176808
6880,1176808
6881,1176851
6882,1176873
6883,1176933
6884,1177013
6885,1177401
6886,1177531
6887,1177668
6888,1177679
6889,1177749
6890,1177784
6891,1177817
6892,1177974
6893,1178099
6894,1178371
6895,1178474
6896,1178475
6897,1178537
6898,1178709
6899,1178710
6900,1179041
6901,1179153
6902,1179251
6903,1179255
6904,1179419
6905,1179427
6906,1179432
6907,1179598
6908,1179931
6909,1180072
6910,1180516
6911,1180622
6912,1180725
6913,1180735
6914,1180879
6915,1181087
6916,1181209
6917,1181327
6918,1181492
6919,1181697
6920,1181697
6921,1181762
6922,1181806
6923,1181810
6924,1181971
6925,1182148
6926,1182149
6927,1182266
6928,1182270
6929,1182722
6930,1183094
6931,1183468
6932,1183478
6933,1183495
6934,1183657
6935,1183657
6936,1183718
6937,1184044
6938,1184057
6939,1184274
6940,1184506
6941,1185029
6942,1185243
6943,1185465
6944,1185674
6945,1185692
6946,1186019
6947,1186048
6948,1186055
6949,1186312
6950,1186597
6951,1186816
6952,1186946
6953,1187136
6954,1187629
6955,1187689
6956,1187750
6957,1188307
6958,1188342
6959,1188372
6960,1188641
6961,1188689
6962,1188755
6963,1188766
6964,1188978
6965,1189683
6966,1189840
6967,1189867
6968,1189920
6969,1189941
6970,1190075
6971,1190343
6972,1190810
6973,1191516
6974,1191561
6975,1191694
6976,1191863
6977,1192063
6978,1192177
6979,1192507
6980,1192625
6981,1192787
6982,1193320
6983,1193371
6984,1193507
6985,1193721
6986,1193831
6987,1194065
6988,1194087
6989,1194362
6990,1194578
6991,1194740
6992,1194763
6993,1194864
6994,1195135
6995,1195150
6996,1195414
6997,1195453
6998,1195493
6999,1195856
7000,1195907
